0.2 5.4 453.764
0.2 5.6 453.764
0.6 4.2 450.541
0.6 4.6 455.084
0.6 4.8 453.999
0.6 5.2 450.519
0.6 6.8 449.538
0.6 7.6 453.634
0.8 3.2 444.489
0.8 3.6 444.489
0.8 3.8 445.376
0.8 5.0 453.634
0.8 5.4 452.934
0.8 5.6 453.456
0.8 5.8 453.634
0.8 6.2 453.634
0.8 6.4 447.89
0.8 6.6 447.89
0.8 7.0 455.308
0.8 7.4 455.308
1.0 1.4 449.55
1.0 1.8 455.018
1.0 2.0 454.671
1.0 2.2 450.781
1.0 2.4 447.539
1.0 2.6 448.142
1.0 2.8 451.059
1.0 3.0 452.804
1.0 3.4 447.989
1.0 3.6 449.955
1.0 3.8 449.955
1.0 4.2 453.634
1.0 4.6 452.623
1.0 5.0 452.623
1.0 5.2 452.623
1.0 6.2 448.449
1.0 6.4 452.421
1.0 6.6 453.785
1.0 7.0 447.364
1.0 7.2 451.117
1.0 7.4 447.364
1.0 7.8 447.364
1.2 0.6 447.681
1.2 1.0 443.659
1.2 1.4 450.384
1.2 1.6 452.04
1.2 1.8 452.752
1.2 2.0 454.001
1.2 2.4 455.395
1.2 2.6 450.727
1.2 2.8 451.92
1.2 3.0 454.008
1.2 4.0 448.039
1.4 1.0 449.076
1.4 1.2 452.393
1.4 2.8 451.085
1.4 4.0 455.303
1.4 4.2 455.303
1.4 4.6 455.303
1.4 5.2 454.291
1.4 5.6 453.869
1.4 5.8 453.869
1.4 6.2 453.869
1.4 7.0 453.869
1.4 7.2 453.869