0.2 0.2 1920.52
0.2 0.4 1798.74
0.2 0.6 1677.78
0.2 0.8 1487.74
0.2 1 1368.1
0.2 1.2 1245.08
0.2 1.4 1085.18
0.2 1.6 1039.48
0.2 1.8 934.161
0.2 2 879.081
0.2 2.2 829.843
0.2 2.4 763.402
0.2 2.6 750.608
0.2 2.8 727.343
0.2 3 683.851
0.2 3.2 677.563
0.2 3.4 641.464
0.2 3.6 649.8
0.2 3.8 635.457
0.2 4 615.243
0.2 4.2 615.243
0.2 4.4 607.34
0.2 4.6 610.844
0.2 4.8 612.289
0.2 5 608.462
0.2 5.2 608.402
0.2 5.4 598.81
0.2 5.6 589.676
0.2 5.8 584.646
0.2 6 584.646
0.2 6.2 584.646
0.2 6.4 584.646
0.2 6.6 584.646
0.2 6.8 576.29
0.2 7 581.599
0.2 7.2 571.321
0.2 7.4 571.321
0.2 7.6 571.321
0.2 7.8 571.321
0.4 0.2 1919.96
0.4 0.4 1736.89
0.4 0.6 1513.71
0.4 0.8 1310.02
0.4 1 1189.39
0.4 1.2 1041.74
0.4 1.4 935.381
0.4 1.6 852.622
0.4 1.8 711.679
0.4 2 763.77
0.4 2.2 719.821
0.4 2.4 699.99
0.4 2.6 691.344
0.4 2.8 663.334
0.4 3 634.008
0.4 3.2 627.125
0.4 3.4 631.734
0.4 3.6 624.848
0.4 3.8 596.879
0.4 4 605.282
0.4 4.2 593.983
0.4 4.4 602.898
0.4 4.6 593.258
0.4 4.8 588.877
0.4 5 588.225
0.4 5.2 579.749
0.4 5.4 576.024
0.4 5.6 582.573
0.4 5.8 582.573
0.4 6 581.316
0.4 6.2 574.839
0.4 6.4 572.203
0.4 6.6 572.203
0.4 6.8 572.203
0.4 7 572.203
0.4 7.2 571.321
0.4 7.4 571.321
0.4 7.6 571.321
0.4 7.8 571.321
0.6 0.2 1773.99
0.6 0.4 1487.95
0.6 0.6 1214.96
0.6 0.8 1074.55
0.6 1 932.763
0.6 1.2 832.855
0.6 1.4 785.706
0.6 1.6 726.515
0.6 1.8 681.097
0.6 2 660.844
0.6 2.2 651.685
0.6 2.4 638.817
0.6 2.6 628.04
0.6 2.8 621.333
0.6 3 599.23
0.6 3.2 601.693
0.6 3.4 602.492
0.6 3.6 582.106
0.6 3.8 593.603
0.6 4 578.024
0.6 4.2 584.41
0.6 4.4 582.453
0.6 4.6 580.67
0.6 4.8 580.263
0.6 5 578.919
0.6 5.2 578.243
0.6 5.4 572.203
0.6 5.6 576.793
0.6 5.8 572.66
0.6 6 572.203
0.6 6.2 571.868
0.6 6.4 562.56
0.6 6.6 562.56
0.6 6.8 562.56
0.6 7 562.56
0.6 7.2 572.66
0.6 7.4 562.56
0.6 7.6 562.56
0.6 7.8 562.56
0.8 0.2 1458.42
0.8 0.4 1071.3
0.8 0.6 919.982
0.8 0.8 806.801
0.8 1 744.022
0.8 1.2 699.502
0.8 1.4 657.211
0.8 1.6 654.191
0.8 1.8 630.193
0.8 2 612.02
0.8 2.2 599.296
0.8 2.4 582.934
0.8 2.6 585.869
0.8 2.8 573.604
0.8 3 582.106
0.8 3.2 573.604
0.8 3.4 570.067
0.8 3.6 572.26
0.8 3.8 576.365
0.8 4 573.808
0.8 4.2 567.962
0.8 4.4 567.181
0.8 4.6 573.399
0.8 4.8 567.181
0.8 5 565.593
0.8 5.2 567.181
0.8 5.4 567.52
0.8 5.6 562.56
0.8 5.8 565.661
0.8 6 562.56
0.8 6.2 562.56
0.8 6.4 562.56
0.8 6.6 562.56
0.8 6.8 562.56
0.8 7 562.56
0.8 7.2 568.629
0.8 7.4 570.578
0.8 7.6 571.983
0.8 7.8 572.354
1 0.2 1024.22
1 0.4 798.826
1 0.6 700.285
1 0.8 654.918
1 1 639.761
1 1.2 612.884
1 1.4 601.735
1 1.6 588.919
1 1.8 576.312
1 2 570.067
1 2.2 563.764
1 2.4 563.396
1 2.6 568.947
1 2.8 563.396
1 3 565.807
1 3.2 563.198
1 3.4 567.994
1 3.6 563.396
1 3.8 569.452
1 4 560.784
1 4.2 563.538
1 4.4 563.538
1 4.6 560.724
1 4.8 563.538
1 5 561.588
1 5.2 562.978
1 5.4 560.724
1 5.6 560.07
1 5.8 561.206
1 6 561.206
1 6.2 561.206
1 6.4 565.442
1 6.6 565.442
1 6.8 566.21
1 7 566.302
1 7.2 566.01
1 7.4 565.442
1 7.6 566.01
1 7.8 565.442
1.2 0.2 682.851
1.2 0.4 625.804
1.2 0.6 582.751
1.2 0.8 573.198
1.2 1 572.413
1.2 1.2 565.636
1.2 1.4 564.041
1.2 1.6 563.185
1.2 1.8 564.021
1.2 2 564.021
1.2 2.2 566.497
1.2 2.4 567.049
1.2 2.6 566.463
1.2 2.8 566.362
1.2 3 567.294
1.2 3.2 569.934
1.2 3.4 567.958
1.2 3.6 566.21
1.2 3.8 563.162
1.2 4 567.655
1.2 4.2 570.426
1.2 4.4 564.579
1.2 4.6 564.579
1.2 4.8 569.372
1.2 5 564.579
1.2 5.2 566.302
1.2 5.4 566.302
1.2 5.6 566.302
1.2 5.8 566.302
1.2 6 566.302
1.2 6.2 566.302
1.2 6.4 566.302
1.2 6.6 566.376
1.2 6.8 566.01
1.2 7 561.206
1.2 7.2 560.724
1.2 7.4 566.01
1.2 7.6 566.01
1.2 7.8 561.206
1.4 0.2 658.658
1.4 0.4 596.819
1.4 0.6 572.788
1.4 0.8 575.567
1.4 1 571.342
1.4 1.2 562.679
1.4 1.4 563.508
1.4 1.6 556.479
1.4 1.8 569.457
1.4 2 567.071
1.4 2.2 563.198
1.4 2.4 569.879
1.4 2.6 570.944
1.4 2.8 566.21
1.4 3 566.21
1.4 3.2 567.362
1.4 3.4 567.638
1.4 3.6 569.284
1.4 3.8 566.18
1.4 4 570.944
1.4 4.2 570.263
1.4 4.4 570.944
1.4 4.6 571.263
1.4 4.8 572.439
1.4 5 566.01
1.4 5.2 566.888
1.4 5.4 566.01
1.4 5.6 566.888
1.4 5.8 566.888
1.4 6 566.117
1.4 6.2 566.117
1.4 6.4 563.538
1.4 6.6 566.117
1.4 6.8 571.315
1.4 7 566.117
1.4 7.2 568.267
1.4 7.4 566.117
1.4 7.6 566.117
1.4 7.8 561.774
1.6 0.2 782.971
1.6 0.4 629.167
1.6 0.6 594.566
1.6 0.8 579.708
