0.2 0.2 21479
0.2 0.4 19418.8
0.2 0.6 17610.2
0.2 0.8 16281.7
0.2 1 14758.4
0.2 1.2 13546.2
0.2 1.4 11733.2
0.2 1.6 11457.2
0.2 1.8 10796.3
0.2 2 9708.01
0.2 2.2 9363.55
0.2 2.4 9684.22
0.2 2.6 9146.47
0.2 2.8 8859.31
0.2 3 8871.35
0.2 3.2 8554.07
0.2 3.4 8520.26
0.2 3.6 8152.22
0.2 3.8 8412.94
0.2 4 8388.9
0.2 4.2 8199.11
0.2 4.4 8209.04
0.2 4.6 8146.13
0.2 4.8 8033.2
0.2 5 8182.06
0.2 5.2 8111.83
0.2 5.4 7978.07
0.2 5.6 7978.07
0.2 5.8 7935.71
0.2 6 7982.74
0.2 6.2 7998.96
0.2 6.4 7897.15
0.2 6.6 7789.52
0.2 6.8 7789.52
0.2 7 7861.48
0.2 7.2 7861.48
0.2 7.4 7861.48
0.2 7.6 7861.48
0.2 7.8 7861.48
0.4 0.2 21249.9
0.4 0.4 17401.2
0.4 0.6 14830.7
0.4 0.8 14242
0.4 1 13043.3
0.4 1.2 11076.3
0.4 1.4 9808.36
0.4 1.6 9708.01
0.4 1.8 9675.56
0.4 2 9228.09
0.4 2.2 8798.85
0.4 2.4 8477.84
0.4 2.6 8542.5
0.4 2.8 8433.22
0.4 3 8293.04
0.4 3.2 8199.11
0.4 3.4 8197.37
0.4 3.6 8099.71
0.4 3.8 8188.95
0.4 4 8031.58
0.4 4.2 8053.67
0.4 4.4 7977.35
0.4 4.6 7978.07
0.4 4.8 7929.91
0.4 5 7955.13
0.4 5.2 7861.48
0.4 5.4 7861.48
0.4 5.6 7861.48
0.4 5.8 7745.51
0.4 6 7745.51
0.4 6.2 7628.31
0.4 6.4 7628.31
0.4 6.6 7628.31
0.4 6.8 7628.31
0.4 7 7628.31
0.4 7.2 7628.31
0.4 7.4 7628.31
0.4 7.6 7549.29
0.4 7.8 7549.29
0.6 0.2 19932
0.6 0.4 16251.5
0.6 0.6 13754.1
0.6 0.8 12296
0.6 1 11183.4
0.6 1.2 9848.25
0.6 1.4 9628.71
0.6 1.6 9185.94
0.6 1.8 9108.89
0.6 2 8727.29
0.6 2.2 8345.46
0.6 2.4 8032.53
0.6 2.6 8032.53
0.6 2.8 8031.58
0.6 3 8008.98
0.6 3.2 7900.35
0.6 3.4 7900.35
0.6 3.6 7900.35
0.6 3.8 7861.78
0.6 4 7820.43
0.6 4.2 7803.73
0.6 4.4 7803.73
0.6 4.6 7861.48
0.6 4.8 7628.31
0.6 5 7861.48
0.6 5.2 7628.31
0.6 5.4 7773.61
0.6 5.6 7773.9
0.6 5.8 7781.19
0.6 6 7749.48
0.6 6.2 7702.95
0.6 6.4 7555.4
0.6 6.6 7555.4
0.6 6.8 7555.4
0.6 7 7555.4
0.6 7.2 7576.25
0.6 7.4 7555.4
0.6 7.6 7576.25
0.6 7.8 7555.4
0.8 0.2 16485.9
0.8 0.4 13585.5
0.8 0.6 11304.3
0.8 0.8 9856.82
0.8 1 8909.48
0.8 1.2 8510.53
0.8 1.4 8717.8
0.8 1.6 8354.23
0.8 1.8 8175.1
0.8 2 7900.65
0.8 2.2 7917.01
0.8 2.4 7805.71
0.8 2.6 7803.73
0.8 2.8 7659.52
0.8 3 7680.12
0.8 3.2 7833.83
0.8 3.4 7773.9
0.8 3.6 7770.08
0.8 3.8 7731.34
0.8 4 7773.9
0.8 4.2 7664.48
0.8 4.4 7555.4
0.8 4.6 7664.48
0.8 4.8 7555.4
0.8 5 7555.4
0.8 5.2 7555.4
0.8 5.4 7555.4
0.8 5.6 7663.59
0.8 5.8 7663.59
0.8 6 7555.4
0.8 6.2 7663.59
0.8 6.4 7663.59
0.8 6.6 7576.25
0.8 6.8 7576.25
0.8 7 7663.59
0.8 7.2 7663.59
0.8 7.4 7788.64
0.8 7.6 7788.64
0.8 7.8 7788.64
1 0.2 12741.3
1 0.4 10384.4
1 0.6 9216.23
1 0.8 8229.64
1 1 8159.09
1 1.2 7926.39
1 1.4 7787.05
1 1.6 7844.8
1 1.8 7760.87
1 2 7676.83
1 2.2 7677.12
1 2.4 7676.83
1 2.6 7544.66
1 2.8 7571.92
1 3 7544.37
1 3.2 7663.59
1 3.4 7571.62
1 3.6 7663.59
1 3.8 7571.62
1 4 7658.96
1 4.2 7544.37
1 4.4 7663.59
1 4.6 7663.59
1 4.8 7544.37
1 5 7663.59
1 5.2 7681.45
1 5.4 7598.74
1 5.6 7598.74
1 5.8 7598.74
1 6 7681.45
1 6.2 7681.45
1 6.4 7681.45
1 6.6 7681.45
1 6.8 7681.45
1 7 7681.45
1 7.2 7681.45
1 7.4 7681.45
1 7.6 7681.45
1 7.8 7681.45
1.2 0.2 9077.17
1.2 0.4 7655.61
1.2 0.6 7881.82
1.2 0.8 7789.81
1.2 1 7681.75
1.2 1.2 7655.61
1.2 1.4 7704.38
1.2 1.6 7677.12
1.2 1.8 7677.12
1.2 2 7663.88
1.2 2.2 7676.83
1.2 2.4 7659.25
1.2 2.6 7659.25
1.2 2.8 7663.59
1.2 3 7663.59
1.2 3.2 7676.83
1.2 3.4 7676.83
1.2 3.6 7681.45
1.2 3.8 7676.83
1.2 4 7681.45
1.2 4.2 7681.45
1.2 4.4 7681.45
1.2 4.6 7681.45
1.2 4.8 7681.45
1.2 5 7681.45
1.2 5.2 7681.45
1.2 5.4 7795.89
1.2 5.6 7708.71
1.2 5.8 7681.45
1.2 6 7681.45
1.2 6.2 7681.45
1.2 6.4 7681.45
1.2 6.6 7681.45
1.2 6.8 7799.54
1.2 7 7681.45
1.2 7.2 7900.26
1.2 7.4 7944.23
1.2 7.6 7782.17
1.2 7.8 7941.93
1.4 0.2 9766.64
1.4 0.4 8622.12
1.4 0.6 8067.12
1.4 0.8 7843.08
1.4 1 7875.04
1.4 1.2 7663.88
1.4 1.4 7676.83
1.4 1.6 7663.88
1.4 1.8 7663.88
1.4 2 7742.95
1.4 2.2 7663.59
1.4 2.4 7704.71
1.4 2.6 7677.12
1.4 2.8 7699.79
1.4 3 7663.88
1.4 3.2 7807.37
1.4 3.4 7708.71
1.4 3.6 7681.45
1.4 3.8 7681.45
1.4 4 7681.45
1.4 4.2 7681.45
1.4 4.4 7704.42
1.4 4.6 7681.45
1.4 4.8 7676.83
1.4 5 7676.83
1.4 5.2 7676.83
1.4 5.4 7681.45
1.4 5.6 7676.83
1.4 5.8 7681.45
1.4 6 7681.45
1.4 6.2 7681.45
1.4 6.4 7681.45
1.4 6.6 7681.45
1.4 6.8 7681.45
1.4 7 7681.45
1.4 7.2 7681.45
1.4 7.4 7704.42
1.4 7.6 7968.9
1.4 7.8 7944.23
1.6 0.2 10394.7
1.6 0.4 8459.01
1.6 0.6 8154.01
1.6 0.8 8013.6
1.6 1 7870.2
1.6 1.2 7791.67
1.6 1.4 7742.65
1.6 1.6 7709.01
1.6 1.8 7663.88
1.6 2 7663.88
1.6 2.2 7742.95
1.6 2.4 7918.6
1.6 2.6 7681.75
1.6 2.8 7681.75
1.6 3 7807.08
1.6 3.2 7823.04
1.6 3.4 7681.45
1.6 3.6 7797.14
1.6 3.8 7681.45
1.6 4 7807.08
1.6 4.2 7890.08
1.6 4.4 7681.45
1.6 4.6 7681.45
1.6 4.8 7795.67
1.6 5 7772.71
1.6 5.2 7681.45
1.6 5.4 7681.45
1.6 5.6 7790.1
1.6 5.8 7817.17
1.6 6 7681.45
1.6 6.2 7790.1
1.6 6.4 7817.17
1.6 6.6 7817.17
1.6 6.8 7817.17
1.6 7 7919.47
1.6 7.2 7930.91
1.6 7.4 7817.17
1.6 7.6 7681.45
1.6 7.8 7952.36
1.8 0.2 10489.4
1.8 0.4 9002.81
1.8 0.6 7985.57
1.8 0.8 8181.57
1.8 1 7851.97
1.8 1.2 7695.04
1.8 1.4 7663.88
1.8 1.6 7829.83
1.8 1.8 7791.67
1.8 2 7663.88
1.8 2.2 7548.99
1.8 2.4 7791.67
1.8 2.6 7787.05
1.8 2.8 7969.15
1.8 3 7681.75
1.8 3.2 7807.37
1.8 3.4 7681.75
1.8 3.6 7761.11
1.8 3.8 7796.84
1.8 4 7681.45
1.8 4.2 7807.08
1.8 4.4 7807.37
1.8 4.6 7681.45
1.8 4.8 7807.08
1.8 5 7807.08
1.8 5.2 7807.08
1.8 5.4 7795.67
1.8 5.6 7795.67
1.8 5.8 7795.67
1.8 6 7795.67
1.8 6.2 7795.67
1.8 6.4 7795.67
1.8 6.6 7795.67
1.8 6.8 7922.51
1.8 7 7927.91
1.8 7.2 7927.91
1.8 7.4 7955.63
1.8 7.6 7955.63
1.8 7.8 7930.91
2 0.2 11470.8
2 0.4 8494.79
2 0.6 8274.92
2 0.8 8353.34
2 1 7549.29
2 1.2 7825.54
2 1.4 7791.38
2 1.6 8080.55
2 1.8 7655.61
2 2 7699.18
2 2.2 7690.84
2 2.4 7967.22
2 2.6 7870.74
2 2.8 7663.88
2 3 7878.67
2 3.2 7888.52
2 3.4 7709.01
2 3.6 7774.25
2 3.8 8004.13
2 4 8073.84
2 4.2 7807.08
2 4.4 7878.97
2 4.6 7795.97
2 4.8 7795.67
2 5 7795.67
2 5.2 7795.67
2 5.4 7847.4
2 5.6 7795.67
2 5.8 7795.67
2 6 7795.67
2 6.2 7795.67
2 6.4 7795.67
2 6.6 7795.67
2 6.8 7922.51
2 7 7795.67
2 7.2 7955.63
2 7.4 7795.67
2 7.6 7955.63
2 7.8 7817.17
2.2 0.2 10667.7
2.2 0.4 8820.28
2.2 0.6 8237.84
2.2 0.8 7840.35
2.2 1 7806.37
2.2 1.2 8340.24
2.2 1.4 8190.19
2.2 1.6 7791.67
2.2 1.8 7945.06
2.2 2 7998.89
2.2 2.2 7954.2
2.2 2.4 7870.74
2.2 2.6 7905.78
2.2 2.8 7791.67
2.2 3 7760.82
2.2 3.2 7878.67
2.2 3.4 7769.88
2.2 3.6 7974.5
2.2 3.8 7967.22
2.2 4 8074.14
2.2 4.2 7847.4
2.2 4.4 7890.08
2.2 4.6 8005.75
2.2 4.8 7955.63
2.2 5 7967.34
2.2 5.2 7998.15
2.2 5.4 8065.63
2.2 5.6 7795.67
2.2 5.8 7955.63
2.2 6 7795.67
2.2 6.2 7795.67
2.2 6.4 7955.63
2.2 6.6 7955.63
2.2 6.8 7952.06
2.2 7 7795.67
2.2 7.2 8001.81
2.2 7.4 7795.67
2.2 7.6 7795.67
2.2 7.8 7795.67
2.4 0.2 12402.8
2.4 0.4 8942.46
2.4 0.6 7975.79
2.4 0.8 7978.55
2.4 1 7910.28
2.4 1.2 8101.08
2.4 1.4 7787.31
2.4 1.6 7770.7
2.4 1.8 7950.04
2.4 2 7870.74
2.4 2.2 7791.67
2.4 2.4 7791.67
2.4 2.6 7791.67
2.4 2.8 7887.33
2.4 3 7848.95
2.4 3.2 7807.08
2.4 3.4 7690.84
2.4 3.6 7966.92
2.4 3.8 7998.89
2.4 4 7681.75
2.4 4.2 7998.89
2.4 4.4 8055.95
2.4 4.6 8093.35
2.4 4.8 7965.83
2.4 5 7965.83
2.4 5.2 7990.84
2.4 5.4 7966.92
2.4 5.6 7955.63
2.4 5.8 7795.67
2.4 6 7795.67
2.4 6.2 7795.67
2.4 6.4 7795.67
2.4 6.6 7795.67
2.4 6.8 7955.63
2.4 7 7795.67
2.4 7.2 7955.63
2.4 7.4 7795.67
2.4 7.6 7857.6
2.4 7.8 7857.6
2.6 0.2 10750.3
2.6 0.4 9100.35
2.6 0.6 8183.69
2.6 0.8 7873.1
2.6 1 8181.51
2.6 1.2 8301.95
2.6 1.4 7548.99
2.6 1.6 8086.08
2.6 1.8 8111.92
2.6 2 7786.75
2.6 2.2 7549.29
2.6 2.4 8183.11
2.6 2.6 7791.67
2.6 2.8 7690.84
2.6 3 7949.75
2.6 3.2 8034.7
2.6 3.4 8034.7
2.6 3.6 7908.9
2.6 3.8 7998.45
2.6 4 8081.11
2.6 4.2 8073.84
2.6 4.4 7966.92
2.6 4.6 8093.35
2.6 4.8 8055.95
2.6 5 7990.84
2.6 5.2 8080.82
2.6 5.4 7992.4
2.6 5.6 7955.63
2.6 5.8 8093.35
2.6 6 7955.63
2.6 6.2 8055.95
2.6 6.4 7955.63
2.6 6.6 7955.63
2.6 6.8 7795.67
2.6 7 7955.63
2.6 7.2 7955.63
2.6 7.4 7857.6
2.6 7.6 7955.63
2.6 7.8 7955.63
2.8 0.2 10947.2
2.8 0.4 10060.3
2.8 0.6 8420.04
2.8 0.8 8116.06
2.8 1 8229.59
2.8 1.2 7791.67
2.8 1.4 7772.91
2.8 1.6 7787.31
2.8 1.8 7724.84
2.8 2 7829.83
2.8 2.2 7663.88
2.8 2.4 7663.88
2.8 2.6 7690.84
2.8 2.8 7856.16
2.8 3 7966.92
2.8 3.2 7955.63
2.8 3.4 7908.61
2.8 3.6 7998.45
2.8 3.8 8093.65
2.8 4 7681.75
2.8 4.2 7998.45
2.8 4.4 7966.92
2.8 4.6 7955.63
2.8 4.8 7990.84
2.8 5 7955.63
2.8 5.2 7990.84
2.8 5.4 7966.92
2.8 5.6 7954.42
2.8 5.8 7955.63
2.8 6 7967.04
2.8 6.2 7986.1
2.8 6.4 8032.48
2.8 6.6 7998.15
2.8 6.8 7998.15
2.8 7 8055.95
2.8 7.2 7955.63
2.8 7.4 8093.35
2.8 7.6 7937.26
2.8 7.8 7937.26
3 0.2 12569.4
3 0.4 9154.02
3 0.6 8374.02
3 0.8 8476.54
3 1 7839.53
3 1.2 7791.38
3 1.4 8078.82
3 1.6 8006.05
3 1.8 7791.67
3 2 8007.76
3 2.2 7663.59
3 2.4 7972.93
3 2.6 7791.67
3 2.8 7663.59
3 3 8009.47
3 3.2 8093.35
3 3.4 7769.88
3 3.6 8046.29
3 3.8 7681.75
3 4 7905.18
3 4.2 8093.65
3 4.4 7955.93
3 4.6 7968.79
3 4.8 8078.23
3 5 7954.42
3 5.2 8044.54
3 5.4 8044.54
3 5.6 7955.63
3 5.8 7955.63
3 6 8078.23
3 6.2 7998.15
3 6.4 7955.63
3 6.6 7998.15
3 6.8 7955.63
3 7 7681.45
3 7.2 7681.45
3 7.4 7681.45
3 7.6 7681.45
3 7.8 7867.53
3.2 0.2 12145
3.2 0.4 8690.23
3.2 0.6 8557.97
3.2 0.8 8455.55
3.2 1 8081.21
3.2 1.2 7913.7
3.2 1.4 7823.04
3.2 1.6 7628.36
3.2 1.8 7856.16
3.2 2 8288.12
3.2 2.2 7681.75
3.2 2.4 7848.95
3.2 2.6 7769.88
3.2 2.8 8093.35
3.2 3 7769.59
3.2 3.2 7966.92
3.2 3.4 7914.38
3.2 3.6 7848.95
3.2 3.8 7681.75
3.2 4 7791.67
3.2 4.2 7955.63
3.2 4.4 7990.84
3.2 4.6 8093.35
3.2 4.8 7955.63
3.2 5 8144.26
3.2 5.2 8109.2
3.2 5.4 8004.66
3.2 5.6 8093.35
3.2 5.8 8080.82
3.2 6 7890.08
3.2 6.2 7998.15
3.2 6.4 7993.52
3.2 6.6 7955.63
3.2 6.8 7681.45
3.2 7 7681.45
3.2 7.2 7681.45
3.2 7.4 8043.3
3.2 7.6 7681.45
3.2 7.8 7681.45
3.4 0.2 13078.8
3.4 0.4 9102.14
3.4 0.6 8071.91
3.4 0.8 7750.51
3.4 1 7686.48
3.4 1.2 8157.3
3.4 1.4 8265.7
3.4 1.6 8482.92
3.4 1.8 7791.38
3.4 2 7663.59
3.4 2.2 7549.29
3.4 2.4 7829.83
3.4 2.6 7769.88
3.4 2.8 7663.59
3.4 3 8184.73
3.4 3.2 7980.28
3.4 3.4 8042.85
3.4 3.6 7976.59
3.4 3.8 7663.59
3.4 4 7791.67
3.4 4.2 7955.63
3.4 4.4 7998.15
3.4 4.6 8093.35
3.4 4.8 8035
3.4 5 7829.54
3.4 5.2 8044.54
3.4 5.4 8073.6
3.4 5.6 8078.23
3.4 5.8 8078.23
3.4 6 7998.15
3.4 6.2 8032.48
3.4 6.4 8078.23
3.4 6.6 7681.45
3.4 6.8 8093.35
3.4 7 7681.45
3.4 7.2 7955.63
3.4 7.4 7681.45
3.4 7.6 7955.63
3.4 7.8 8077.04
3.6 0.2 11585.7
3.6 0.4 8711.21
3.6 0.6 8019.67
3.6 0.8 9040.21
3.6 1 8249.52
3.6 1.2 7791.67
3.6 1.4 7791.67
3.6 1.6 7791.67
3.6 1.8 7791.67
3.6 2 7663.59
3.6 2.2 7663.59
3.6 2.4 7769.88
3.6 2.6 7918.2
3.6 2.8 7848.95
3.6 3 7998.15
3.6 3.2 7839.13
3.6 3.4 8093.35
3.6 3.6 7769.88
3.6 3.8 7769.88
3.6 4 8013.31
3.6 4.2 7839.43
3.6 4.4 7970.89
3.6 4.6 8093.35
3.6 4.8 7955.63
3.6 5 7829.54
3.6 5.2 7998.15
3.6 5.4 7934.76
3.6 5.6 8078.23
3.6 5.8 8093.35
3.6 6 8032.48
3.6 6.2 7998.15
3.6 6.4 7947.51
3.6 6.6 8078.23
3.6 6.8 8077.04
3.6 7 7978.86
3.6 7.2 7955.63
3.6 7.4 7955.63
3.6 7.6 8077.04
3.6 7.8 8077.04
3.8 0.2 13056.6
3.8 0.4 9122.6
3.8 0.6 8791.86
3.8 0.8 8792.43
3.8 1 8540.28
3.8 1.2 8232.6
3.8 1.4 7867.21
3.8 1.6 7966.92
3.8 1.8 8261.53
3.8 2 7769.59
3.8 2.2 7628.06
3.8 2.4 7742.65
3.8 2.6 7966.92
3.8 2.8 7681.75
3.8 3 7839.13
3.8 3.2 7769.59
3.8 3.4 8078.52
3.8 3.6 7791.25
0.2 0.4 19418.8
0.2 0.6 17610.2
0.2 0.8 16281.7
0.2 1 14758.4
0.2 1.2 13546.2
0.2 1.4 11733.2
0.2 1.6 11457.2
0.2 1.8 10796.3
0.2 2 9708.01
0.2 2.2 9363.55
0.2 2.4 9684.22
0.2 2.6 9146.47
0.2 2.8 8859.31
0.2 3 8871.35
0.2 3.2 8554.07
0.2 3.4 8520.26
0.2 3.6 8152.22
0.2 3.8 8412.94
0.2 4 8388.9
0.2 4.2 8199.11
0.2 4.4 8209.04
0.2 4.6 8146.13
0.2 4.8 8033.2
0.2 5 8182.06
0.2 5.2 8111.83
0.2 5.4 7978.07
0.2 5.6 7978.07
0.2 5.8 7935.71
0.2 6 7982.74
0.2 6.2 7998.96
0.2 6.4 7897.15
0.2 6.6 7789.52
0.2 6.8 7789.52
0.2 7 7861.48
0.2 7.2 7861.48
0.2 7.4 7861.48
0.2 7.6 7861.48
0.2 7.8 7861.48
0.4 0.2 21249.9
0.4 0.4 17401.2
0.4 0.6 14830.7
0.4 0.8 14242
0.4 1 13043.3
0.4 1.2 11076.3
0.4 1.4 9808.36
0.4 1.6 9708.01
0.4 1.8 9675.56
0.4 2 9228.09
0.4 2.2 8798.85
0.4 2.4 8477.84
0.4 2.6 8542.5
0.4 2.8 8433.22
0.4 3 8293.04
0.4 3.2 8199.11
0.4 3.4 8197.37
0.4 3.6 8099.71
0.4 3.8 8188.95
0.4 4 8031.58
0.4 4.2 8053.67
0.4 4.4 7977.35
0.4 4.6 7978.07
0.4 4.8 7929.91
0.4 5 7955.13
0.4 5.2 7861.48
0.4 5.4 7861.48
0.4 5.6 7861.48
0.4 5.8 7745.51
0.4 6 7745.51
0.4 6.2 7628.31
0.4 6.4 7628.31
0.4 6.6 7628.31
0.4 6.8 7628.31
0.4 7 7628.31
0.4 7.2 7628.31
0.4 7.4 7628.31
0.4 7.6 7549.29
0.4 7.8 7549.29
0.6 0.2 19932
0.6 0.4 16251.5
0.6 0.6 13754.1
0.6 0.8 12296
0.6 1 11183.4
0.6 1.2 9848.25
0.6 1.4 9628.71
0.6 1.6 9185.94
0.6 1.8 9108.89
0.6 2 8727.29
0.6 2.2 8345.46
0.6 2.4 8032.53
0.6 2.6 8032.53
0.6 2.8 8031.58
0.6 3 8008.98
0.6 3.2 7900.35
0.6 3.4 7900.35
0.6 3.6 7900.35
0.6 3.8 7861.78
0.6 4 7820.43
0.6 4.2 7803.73
0.6 4.4 7803.73
0.6 4.6 7861.48
0.6 4.8 7628.31
0.6 5 7861.48
0.6 5.2 7628.31
0.6 5.4 7773.61
0.6 5.6 7773.9
0.6 5.8 7781.19
0.6 6 7749.48
0.6 6.2 7702.95
0.6 6.4 7555.4
0.6 6.6 7555.4
0.6 6.8 7555.4
0.6 7 7555.4
0.6 7.2 7576.25
0.6 7.4 7555.4
0.6 7.6 7576.25
0.6 7.8 7555.4
0.8 0.2 16485.9
0.8 0.4 13585.5
0.8 0.6 11304.3
0.8 0.8 9856.82
0.8 1 8909.48
0.8 1.2 8510.53
0.8 1.4 8717.8
0.8 1.6 8354.23
0.8 1.8 8175.1
0.8 2 7900.65
0.8 2.2 7917.01
0.8 2.4 7805.71
0.8 2.6 7803.73
0.8 2.8 7659.52
0.8 3 7680.12
0.8 3.2 7833.83
0.8 3.4 7773.9
0.8 3.6 7770.08
0.8 3.8 7731.34
0.8 4 7773.9
0.8 4.2 7664.48
0.8 4.4 7555.4
0.8 4.6 7664.48
0.8 4.8 7555.4
0.8 5 7555.4
0.8 5.2 7555.4
0.8 5.4 7555.4
0.8 5.6 7663.59
0.8 5.8 7663.59
0.8 6 7555.4
0.8 6.2 7663.59
0.8 6.4 7663.59
0.8 6.6 7576.25
0.8 6.8 7576.25
0.8 7 7663.59
0.8 7.2 7663.59
0.8 7.4 7788.64
0.8 7.6 7788.64
0.8 7.8 7788.64
1 0.2 12741.3
1 0.4 10384.4
1 0.6 9216.23
1 0.8 8229.64
1 1 8159.09
1 1.2 7926.39
1 1.4 7787.05
1 1.6 7844.8
1 1.8 7760.87
1 2 7676.83
1 2.2 7677.12
1 2.4 7676.83
1 2.6 7544.66
1 2.8 7571.92
1 3 7544.37
1 3.2 7663.59
1 3.4 7571.62
1 3.6 7663.59
1 3.8 7571.62
1 4 7658.96
1 4.2 7544.37
1 4.4 7663.59
1 4.6 7663.59
1 4.8 7544.37
1 5 7663.59
1 5.2 7681.45
1 5.4 7598.74
1 5.6 7598.74
1 5.8 7598.74
1 6 7681.45
1 6.2 7681.45
1 6.4 7681.45
1 6.6 7681.45
1 6.8 7681.45
1 7 7681.45
1 7.2 7681.45
1 7.4 7681.45
1 7.6 7681.45
1 7.8 7681.45
1.2 0.2 9077.17
1.2 0.4 7655.61
1.2 0.6 7881.82
1.2 0.8 7789.81
1.2 1 7681.75
1.2 1.2 7655.61
1.2 1.4 7704.38
1.2 1.6 7677.12
1.2 1.8 7677.12
1.2 2 7663.88
1.2 2.2 7676.83
1.2 2.4 7659.25
1.2 2.6 7659.25
1.2 2.8 7663.59
1.2 3 7663.59
1.2 3.2 7676.83
1.2 3.4 7676.83
1.2 3.6 7681.45
1.2 3.8 7676.83
1.2 4 7681.45
1.2 4.2 7681.45
1.2 4.4 7681.45
1.2 4.6 7681.45
1.2 4.8 7681.45
1.2 5 7681.45
1.2 5.2 7681.45
1.2 5.4 7795.89
1.2 5.6 7708.71
1.2 5.8 7681.45
1.2 6 7681.45
1.2 6.2 7681.45
1.2 6.4 7681.45
1.2 6.6 7681.45
1.2 6.8 7799.54
1.2 7 7681.45
1.2 7.2 7900.26
1.2 7.4 7944.23
1.2 7.6 7782.17
1.2 7.8 7941.93
1.4 0.2 9766.64
1.4 0.4 8622.12
1.4 0.6 8067.12
1.4 0.8 7843.08
1.4 1 7875.04
1.4 1.2 7663.88
1.4 1.4 7676.83
1.4 1.6 7663.88
1.4 1.8 7663.88
1.4 2 7742.95
1.4 2.2 7663.59
1.4 2.4 7704.71
1.4 2.6 7677.12
1.4 2.8 7699.79
1.4 3 7663.88
1.4 3.2 7807.37
1.4 3.4 7708.71
1.4 3.6 7681.45
1.4 3.8 7681.45
1.4 4 7681.45
1.4 4.2 7681.45
1.4 4.4 7704.42
1.4 4.6 7681.45
1.4 4.8 7676.83
1.4 5 7676.83
1.4 5.2 7676.83
1.4 5.4 7681.45
1.4 5.6 7676.83
1.4 5.8 7681.45
1.4 6 7681.45
1.4 6.2 7681.45
1.4 6.4 7681.45
1.4 6.6 7681.45
1.4 6.8 7681.45
1.4 7 7681.45
1.4 7.2 7681.45
1.4 7.4 7704.42
1.4 7.6 7968.9
1.4 7.8 7944.23
1.6 0.2 10394.7
1.6 0.4 8459.01
1.6 0.6 8154.01
1.6 0.8 8013.6
1.6 1 7870.2
1.6 1.2 7791.67
1.6 1.4 7742.65
1.6 1.6 7709.01
1.6 1.8 7663.88
1.6 2 7663.88
1.6 2.2 7742.95
1.6 2.4 7918.6
1.6 2.6 7681.75
1.6 2.8 7681.75
1.6 3 7807.08
1.6 3.2 7823.04
1.6 3.4 7681.45
1.6 3.6 7797.14
1.6 3.8 7681.45
1.6 4 7807.08
1.6 4.2 7890.08
1.6 4.4 7681.45
1.6 4.6 7681.45
1.6 4.8 7795.67
1.6 5 7772.71
1.6 5.2 7681.45
1.6 5.4 7681.45
1.6 5.6 7790.1
1.6 5.8 7817.17
1.6 6 7681.45
1.6 6.2 7790.1
1.6 6.4 7817.17
1.6 6.6 7817.17
1.6 6.8 7817.17
1.6 7 7919.47
1.6 7.2 7930.91
1.6 7.4 7817.17
1.6 7.6 7681.45
1.6 7.8 7952.36
1.8 0.2 10489.4
1.8 0.4 9002.81
1.8 0.6 7985.57
1.8 0.8 8181.57
1.8 1 7851.97
1.8 1.2 7695.04
1.8 1.4 7663.88
1.8 1.6 7829.83
1.8 1.8 7791.67
1.8 2 7663.88
1.8 2.2 7548.99
1.8 2.4 7791.67
1.8 2.6 7787.05
1.8 2.8 7969.15
1.8 3 7681.75
1.8 3.2 7807.37
1.8 3.4 7681.75
1.8 3.6 7761.11
1.8 3.8 7796.84
1.8 4 7681.45
1.8 4.2 7807.08
1.8 4.4 7807.37
1.8 4.6 7681.45
1.8 4.8 7807.08
1.8 5 7807.08
1.8 5.2 7807.08
1.8 5.4 7795.67
1.8 5.6 7795.67
1.8 5.8 7795.67
1.8 6 7795.67
1.8 6.2 7795.67
1.8 6.4 7795.67
1.8 6.6 7795.67
1.8 6.8 7922.51
1.8 7 7927.91
1.8 7.2 7927.91
1.8 7.4 7955.63
1.8 7.6 7955.63
1.8 7.8 7930.91
2 0.2 11470.8
2 0.4 8494.79
2 0.6 8274.92
2 0.8 8353.34
2 1 7549.29
2 1.2 7825.54
2 1.4 7791.38
2 1.6 8080.55
2 1.8 7655.61
2 2 7699.18
2 2.2 7690.84
2 2.4 7967.22
2 2.6 7870.74
2 2.8 7663.88
2 3 7878.67
2 3.2 7888.52
2 3.4 7709.01
2 3.6 7774.25
2 3.8 8004.13
2 4 8073.84
2 4.2 7807.08
2 4.4 7878.97
2 4.6 7795.97
2 4.8 7795.67
2 5 7795.67
2 5.2 7795.67
2 5.4 7847.4
2 5.6 7795.67
2 5.8 7795.67
2 6 7795.67
2 6.2 7795.67
2 6.4 7795.67
2 6.6 7795.67
2 6.8 7922.51
2 7 7795.67
2 7.2 7955.63
2 7.4 7795.67
2 7.6 7955.63
2 7.8 7817.17
2.2 0.2 10667.7
2.2 0.4 8820.28
2.2 0.6 8237.84
2.2 0.8 7840.35
2.2 1 7806.37
2.2 1.2 8340.24
2.2 1.4 8190.19
2.2 1.6 7791.67
2.2 1.8 7945.06
2.2 2 7998.89
2.2 2.2 7954.2
2.2 2.4 7870.74
2.2 2.6 7905.78
2.2 2.8 7791.67
2.2 3 7760.82
2.2 3.2 7878.67
2.2 3.4 7769.88
2.2 3.6 7974.5
2.2 3.8 7967.22
2.2 4 8074.14
2.2 4.2 7847.4
2.2 4.4 7890.08
2.2 4.6 8005.75
2.2 4.8 7955.63
2.2 5 7967.34
2.2 5.2 7998.15
2.2 5.4 8065.63
2.2 5.6 7795.67
2.2 5.8 7955.63
2.2 6 7795.67
2.2 6.2 7795.67
2.2 6.4 7955.63
2.2 6.6 7955.63
2.2 6.8 7952.06
2.2 7 7795.67
2.2 7.2 8001.81
2.2 7.4 7795.67
2.2 7.6 7795.67
2.2 7.8 7795.67
2.4 0.2 12402.8
2.4 0.4 8942.46
2.4 0.6 7975.79
2.4 0.8 7978.55
2.4 1 7910.28
2.4 1.2 8101.08
2.4 1.4 7787.31
2.4 1.6 7770.7
2.4 1.8 7950.04
2.4 2 7870.74
2.4 2.2 7791.67
2.4 2.4 7791.67
2.4 2.6 7791.67
2.4 2.8 7887.33
2.4 3 7848.95
2.4 3.2 7807.08
2.4 3.4 7690.84
2.4 3.6 7966.92
2.4 3.8 7998.89
2.4 4 7681.75
2.4 4.2 7998.89
2.4 4.4 8055.95
2.4 4.6 8093.35
2.4 4.8 7965.83
2.4 5 7965.83
2.4 5.2 7990.84
2.4 5.4 7966.92
2.4 5.6 7955.63
2.4 5.8 7795.67
2.4 6 7795.67
2.4 6.2 7795.67
2.4 6.4 7795.67
2.4 6.6 7795.67
2.4 6.8 7955.63
2.4 7 7795.67
2.4 7.2 7955.63
2.4 7.4 7795.67
2.4 7.6 7857.6
2.4 7.8 7857.6
2.6 0.2 10750.3
2.6 0.4 9100.35
2.6 0.6 8183.69
2.6 0.8 7873.1
2.6 1 8181.51
2.6 1.2 8301.95
2.6 1.4 7548.99
2.6 1.6 8086.08
2.6 1.8 8111.92
2.6 2 7786.75
2.6 2.2 7549.29
2.6 2.4 8183.11
2.6 2.6 7791.67
2.6 2.8 7690.84
2.6 3 7949.75
2.6 3.2 8034.7
2.6 3.4 8034.7
2.6 3.6 7908.9
2.6 3.8 7998.45
2.6 4 8081.11
2.6 4.2 8073.84
2.6 4.4 7966.92
2.6 4.6 8093.35
2.6 4.8 8055.95
2.6 5 7990.84
2.6 5.2 8080.82
2.6 5.4 7992.4
2.6 5.6 7955.63
2.6 5.8 8093.35
2.6 6 7955.63
2.6 6.2 8055.95
2.6 6.4 7955.63
2.6 6.6 7955.63
2.6 6.8 7795.67
2.6 7 7955.63
2.6 7.2 7955.63
2.6 7.4 7857.6
2.6 7.6 7955.63
2.6 7.8 7955.63
2.8 0.2 10947.2
2.8 0.4 10060.3
2.8 0.6 8420.04
2.8 0.8 8116.06
2.8 1 8229.59
2.8 1.2 7791.67
2.8 1.4 7772.91
2.8 1.6 7787.31
2.8 1.8 7724.84
2.8 2 7829.83
2.8 2.2 7663.88
2.8 2.4 7663.88
2.8 2.6 7690.84
2.8 2.8 7856.16
2.8 3 7966.92
2.8 3.2 7955.63
2.8 3.4 7908.61
2.8 3.6 7998.45
2.8 3.8 8093.65
2.8 4 7681.75
2.8 4.2 7998.45
2.8 4.4 7966.92
2.8 4.6 7955.63
2.8 4.8 7990.84
2.8 5 7955.63
2.8 5.2 7990.84
2.8 5.4 7966.92
2.8 5.6 7954.42
2.8 5.8 7955.63
2.8 6 7967.04
2.8 6.2 7986.1
2.8 6.4 8032.48
2.8 6.6 7998.15
2.8 6.8 7998.15
2.8 7 8055.95
2.8 7.2 7955.63
2.8 7.4 8093.35
2.8 7.6 7937.26
2.8 7.8 7937.26
3 0.2 12569.4
3 0.4 9154.02
3 0.6 8374.02
3 0.8 8476.54
3 1 7839.53
3 1.2 7791.38
3 1.4 8078.82
3 1.6 8006.05
3 1.8 7791.67
3 2 8007.76
3 2.2 7663.59
3 2.4 7972.93
3 2.6 7791.67
3 2.8 7663.59
3 3 8009.47
3 3.2 8093.35
3 3.4 7769.88
3 3.6 8046.29
3 3.8 7681.75
3 4 7905.18
3 4.2 8093.65
3 4.4 7955.93
3 4.6 7968.79
3 4.8 8078.23
3 5 7954.42
3 5.2 8044.54
3 5.4 8044.54
3 5.6 7955.63
3 5.8 7955.63
3 6 8078.23
3 6.2 7998.15
3 6.4 7955.63
3 6.6 7998.15
3 6.8 7955.63
3 7 7681.45
3 7.2 7681.45
3 7.4 7681.45
3 7.6 7681.45
3 7.8 7867.53
3.2 0.2 12145
3.2 0.4 8690.23
3.2 0.6 8557.97
3.2 0.8 8455.55
3.2 1 8081.21
3.2 1.2 7913.7
3.2 1.4 7823.04
3.2 1.6 7628.36
3.2 1.8 7856.16
3.2 2 8288.12
3.2 2.2 7681.75
3.2 2.4 7848.95
3.2 2.6 7769.88
3.2 2.8 8093.35
3.2 3 7769.59
3.2 3.2 7966.92
3.2 3.4 7914.38
3.2 3.6 7848.95
3.2 3.8 7681.75
3.2 4 7791.67
3.2 4.2 7955.63
3.2 4.4 7990.84
3.2 4.6 8093.35
3.2 4.8 7955.63
3.2 5 8144.26
3.2 5.2 8109.2
3.2 5.4 8004.66
3.2 5.6 8093.35
3.2 5.8 8080.82
3.2 6 7890.08
3.2 6.2 7998.15
3.2 6.4 7993.52
3.2 6.6 7955.63
3.2 6.8 7681.45
3.2 7 7681.45
3.2 7.2 7681.45
3.2 7.4 8043.3
3.2 7.6 7681.45
3.2 7.8 7681.45
3.4 0.2 13078.8
3.4 0.4 9102.14
3.4 0.6 8071.91
3.4 0.8 7750.51
3.4 1 7686.48
3.4 1.2 8157.3
3.4 1.4 8265.7
3.4 1.6 8482.92
3.4 1.8 7791.38
3.4 2 7663.59
3.4 2.2 7549.29
3.4 2.4 7829.83
3.4 2.6 7769.88
3.4 2.8 7663.59
3.4 3 8184.73
3.4 3.2 7980.28
3.4 3.4 8042.85
3.4 3.6 7976.59
3.4 3.8 7663.59
3.4 4 7791.67
3.4 4.2 7955.63
3.4 4.4 7998.15
3.4 4.6 8093.35
3.4 4.8 8035
3.4 5 7829.54
3.4 5.2 8044.54
3.4 5.4 8073.6
3.4 5.6 8078.23
3.4 5.8 8078.23
3.4 6 7998.15
3.4 6.2 8032.48
3.4 6.4 8078.23
3.4 6.6 7681.45
3.4 6.8 8093.35
3.4 7 7681.45
3.4 7.2 7955.63
3.4 7.4 7681.45
3.4 7.6 7955.63
3.4 7.8 8077.04
3.6 0.2 11585.7
3.6 0.4 8711.21
3.6 0.6 8019.67
3.6 0.8 9040.21
3.6 1 8249.52
3.6 1.2 7791.67
3.6 1.4 7791.67
3.6 1.6 7791.67
3.6 1.8 7791.67
3.6 2 7663.59
3.6 2.2 7663.59
3.6 2.4 7769.88
3.6 2.6 7918.2
3.6 2.8 7848.95
3.6 3 7998.15
3.6 3.2 7839.13
3.6 3.4 8093.35
3.6 3.6 7769.88
3.6 3.8 7769.88
3.6 4 8013.31
3.6 4.2 7839.43
3.6 4.4 7970.89
3.6 4.6 8093.35
3.6 4.8 7955.63
3.6 5 7829.54
3.6 5.2 7998.15
3.6 5.4 7934.76
3.6 5.6 8078.23
3.6 5.8 8093.35
3.6 6 8032.48
3.6 6.2 7998.15
3.6 6.4 7947.51
3.6 6.6 8078.23
3.6 6.8 8077.04
3.6 7 7978.86
3.6 7.2 7955.63
3.6 7.4 7955.63
3.6 7.6 8077.04
3.6 7.8 8077.04
3.8 0.2 13056.6
3.8 0.4 9122.6
3.8 0.6 8791.86
3.8 0.8 8792.43
3.8 1 8540.28
3.8 1.2 8232.6
3.8 1.4 7867.21
3.8 1.6 7966.92
3.8 1.8 8261.53
3.8 2 7769.59
3.8 2.2 7628.06
3.8 2.4 7742.65
3.8 2.6 7966.92
3.8 2.8 7681.75
3.8 3 7839.13
3.8 3.2 7769.59
3.8 3.4 8078.52
3.8 3.6 7791.67
3.8 3.8 7681.75
3.8 4 8078.52
3.8 4.2 7829.54
3.8 4.4 7970.89
3.8 4.6 8073.9
3.8 4.8 8093.35
3.8 5 8044.54
3.8 5.2 7970.89
3.8 5.4 8078.23
3.8 5.6 8078.23
3.8 5.8 8032.48
3.8 6 8032.48
3.8 6.2 8109.2
3.8 6.4 8078.23
3.8 6.6 8078.23
3.8 6.8 8077.04
3.8 7 7955.63
3.8 7.2 8077.04
3.8 7.4 7969.35
3.8 7.6 8077.04
3.8 7.8 8077.04
4 0.2 12934.3
4 0.4 9472.42
4 0.6 8299.87
4 0.8 8134.11
4 1 8270.87
4 1.2 7791.38
4 1.4 8295.49
4 1.6 7724.84
4 1.8 7870.74
4 2 8009.47
4 2.2 7839.43
4 2.4 8262.37
4 2.6 7839.43
4 2.8 7769.88
4 3 7839.13
4 3.2 8078.52
4 3.4 7681.75
4 3.6 7829.83
4 3.8 7829.54
4 4 8078.52
4 4.2 7829.54
4 4.4 8081.11
4 4.6 8093.35
4 4.8 8093.35
4 5 8080.82
4 5.2 8078.23
4 5.4 8078.23
4 5.6 8078.23
4 5.8 8032.48
4 6 8032.48
4 6.2 7998.15
4 6.4 8078.23
4 6.6 8014.97
4 6.8 8077.04
4 7 7966.92
4 7.2 8077.04
4 7.4 8014.97
4 7.6 8077.04
4 7.8 8014.97
4.2 0.2 13452
4.2 0.4 9280.46
4.2 0.6 8283.49
4.2 0.8 7980.97
4.2 1 7942.58
4.2 1.2 8451.31
4.2 1.4 7861.56
4.2 1.6 7834.8
4.2 1.8 7791.38
4.2 2 7742.65
4.2 2.2 7663.88
4.2 2.4 8049.96
4.2 2.6 7681.45
4.2 2.8 8157.59
4.2 3 7855.87
4.2 3.2 7998.89
4.2 3.4 7760.52
4.2 3.6 7681.75
4.2 3.8 7769.88
4.2 4 7829.54
4.2 4.2 8078.52
4.2 4.4 7992.69
4.2 4.6 8145.31
4.2 4.8 8157.3
4.2 5 7966.92
4.2 5.2 7970.89
4.2 5.4 8078.23
4.2 5.6 8032.48
4.2 5.8 8032.48
4.2 6 7989.05
4.2 6.2 8157.3
4.2 6.4 8093.35
4.2 6.6 8077.04
4.2 6.8 7955.63
4.2 7 7955.63
4.2 7.2 8014.97
4.2 7.4 8093.35
4.2 7.6 7969.35
4.2 7.8 8077.04
4.4 0.2 13573.6
4.4 0.4 8667.34
4.4 0.6 9047.84
4.4 0.8 8405.32
4.4 1 8223.44
4.4 1.2 8204.88
4.4 1.4 8142.07
4.4 1.6 8408.49
4.4 1.8 7823.34
4.4 2 7825.54
4.4 2.2 7836.43
4.4 2.4 7769.59
4.4 2.6 7839.13
4.4 2.8 8093.65
4.4 3 7980.28
4.4 3.2 7681.45
4.4 3.4 7829.54
4.4 3.6 7769.88
4.4 3.8 7769.59
4.4 4 7970.89
4.4 4.2 8334.43
4.4 4.4 7708.71
4.4 4.6 7908.61
4.4 4.8 7963.82
4.4 5 8196.08
4.4 5.2 8093.35
4.4 5.4 8145.31
4.4 5.6 8032.48
4.4 5.8 8078.23
4.4 6 8078.23
4.4 6.2 8078.23
4.4 6.4 8077.04
4.4 6.6 8077.04
4.4 6.8 7955.63
4.4 7 7955.63
4.4 7.2 7955.63
4.4 7.4 8093.35
4.4 7.6 7969.35
4.4 7.8 8053.06
4.6 0.2 13532.2
4.6 0.4 9078.56
4.6 0.6 8402.88
4.6 0.8 8498.5
4.6 1 8014.8
4.6 1.2 8262.21
4.6 1.4 8100.35
4.6 1.6 8100.48
4.6 1.8 7663.59
4.6 2 7681.75
4.6 2.2 7839.43
4.6 2.4 7769.88
4.6 2.6 7839.43
4.6 2.8 8008.76
4.6 3 7769.59
4.6 3.2 7681.45
4.6 3.4 7769.59
4.6 3.6 7769.59
4.6 3.8 7791.38
4.6 4 8057.32
4.6 4.2 8045.99
4.6 4.4 8074.14
4.6 4.6 8080.82
4.6 4.8 8051.95
4.6 5 8004.66
4.6 5.2 8073.6
4.6 5.4 8078.23
4.6 5.6 8078.25
0.2 0.4 19418.8
0.2 0.6 17610.2
0.2 0.8 16281.7
0.2 1 14758.4
0.2 1.2 13546.2
0.2 1.4 11733.2
0.2 1.6 11457.2
0.2 1.8 10796.3
0.2 2 9708.01
0.2 2.2 9363.55
0.2 2.4 9684.22
0.2 2.6 9146.47
0.2 2.8 8859.31
0.2 3 8871.35
0.2 3.2 8554.07
0.2 3.4 8520.26
0.2 3.6 8152.22
0.2 3.8 8412.94
0.2 4 8388.9
0.2 4.2 8199.11
0.2 4.4 8209.04
0.2 4.6 8146.13
0.2 4.8 8033.2
0.2 5 8182.06
0.2 5.2 8111.83
0.2 5.4 7978.07
0.2 5.6 7978.07
0.2 5.8 7935.71
0.2 6 7982.74
0.2 6.2 7998.96
0.2 6.4 7897.15
0.2 6.6 7789.52
0.2 6.8 7789.52
0.2 7 7861.48
0.2 7.2 7861.48
0.2 7.4 7861.48
0.2 7.6 7861.48
0.2 7.8 7861.48
0.4 0.2 21249.9
0.4 0.4 17401.2
0.4 0.6 14830.7
0.4 0.8 14242
0.4 1 13043.3
0.4 1.2 11076.3
0.4 1.4 9808.36
0.4 1.6 9708.01
0.4 1.8 9675.56
0.4 2 9228.09
0.4 2.2 8798.85
0.4 2.4 8477.84
0.4 2.6 8542.5
0.4 2.8 8433.22
0.4 3 8293.04
0.4 3.2 8199.11
0.4 3.4 8197.37
0.4 3.6 8099.71
0.4 3.8 8188.95
0.4 4 8031.58
0.4 4.2 8053.67
0.4 4.4 7977.35
0.4 4.6 7978.07
0.4 4.8 7929.91
0.4 5 7955.13
0.4 5.2 7861.48
0.4 5.4 7861.48
0.4 5.6 7861.48
0.4 5.8 7745.51
0.4 6 7745.51
0.4 6.2 7628.31
0.4 6.4 7628.31
0.4 6.6 7628.31
0.4 6.8 7628.31
0.4 7 7628.31
0.4 7.2 7628.31
0.4 7.4 7628.31
0.4 7.6 7549.29
0.4 7.8 7549.29
0.6 0.2 19932
0.6 0.4 16251.5
0.6 0.6 13754.1
0.6 0.8 12296
0.6 1 11183.4
0.6 1.2 9848.25
0.6 1.4 9628.71
0.6 1.6 9185.94
0.6 1.8 9108.89
0.6 2 8727.29
0.6 2.2 8345.46
0.6 2.4 8032.53
0.6 2.6 8032.53
0.6 2.8 8031.58
0.6 3 8008.98
0.6 3.2 7900.35
0.6 3.4 7900.35
0.6 3.6 7900.35
0.6 3.8 7861.78
0.6 4 7820.43
0.6 4.2 7803.73
0.6 4.4 7803.73
0.6 4.6 7861.48
0.6 4.8 7628.31
0.6 5 7861.48
0.6 5.2 7628.31
0.6 5.4 7773.61
0.6 5.6 7773.9
0.6 5.8 7781.19
0.6 6 7749.48
0.6 6.2 7702.95
0.6 6.4 7555.4
0.6 6.6 7555.4
0.6 6.8 7555.4
0.6 7 7555.4
0.6 7.2 7576.25
0.6 7.4 7555.4
0.6 7.6 7576.25
0.6 7.8 7555.4
0.8 0.2 16485.9
0.8 0.4 13585.5
0.8 0.6 11304.3
0.8 0.8 9856.82
0.8 1 8909.48
0.8 1.2 8510.53
0.8 1.4 8717.8
0.8 1.6 8354.23
0.8 1.8 8175.1
0.8 2 7900.65
0.8 2.2 7917.01
0.8 2.4 7805.71
0.8 2.6 7803.73
0.8 2.8 7659.52
0.8 3 7680.12
0.8 3.2 7833.83
0.8 3.4 7773.9
0.8 3.6 7770.08
0.8 3.8 7731.34
0.8 4 7773.9
0.8 4.2 7664.48
0.8 4.4 7555.4
0.8 4.6 7664.48
0.8 4.8 7555.4
0.8 5 7555.4
0.8 5.2 7555.4
0.8 5.4 7555.4
0.8 5.6 7663.59
0.8 5.8 7663.59
0.8 6 7555.4
0.8 6.2 7663.59
0.8 6.4 7663.59
0.8 6.6 7576.25
0.8 6.8 7576.25
0.8 7 7663.59
0.8 7.2 7663.59
0.8 7.4 7788.64
0.8 7.6 7788.64
0.8 7.8 7788.64
1 0.2 12741.3
1 0.4 10384.4
1 0.6 9216.23
1 0.8 8229.64
1 1 8159.09
1 1.2 7926.39
1 1.4 7787.05
1 1.6 7844.8
1 1.8 7760.87
1 2 7676.83
1 2.2 7677.12
1 2.4 7676.83
1 2.6 7544.66
1 2.8 7571.92
1 3 7544.37
1 3.2 7663.59
1 3.4 7571.62
1 3.6 7663.59
1 3.8 7571.62
1 4 7658.96
1 4.2 7544.37
1 4.4 7663.59
1 4.6 7663.59
1 4.8 7544.37
1 5 7663.59
1 5.2 7681.45
1 5.4 7598.74
1 5.6 7598.74
1 5.8 7598.74
1 6 7681.45
1 6.2 7681.45
1 6.4 7681.45
1 6.6 7681.45
1 6.8 7681.45
1 7 7681.45
1 7.2 7681.45
1 7.4 7681.45
1 7.6 7681.45
1 7.8 7681.45
1.2 0.2 9077.17
1.2 0.4 7655.61
1.2 0.6 7881.82
1.2 0.8 7789.81
1.2 1 7681.75
1.2 1.2 7655.61
1.2 1.4 7704.38
1.2 1.6 7677.12
1.2 1.8 7677.12
1.2 2 7663.88
1.2 2.2 7676.83
1.2 2.4 7659.25
1.2 2.6 7659.25
1.2 2.8 7663.59
1.2 3 7663.59
1.2 3.2 7676.83
1.2 3.4 7676.83
1.2 3.6 7681.45
1.2 3.8 7676.83
1.2 4 7681.45
1.2 4.2 7681.45
1.2 4.4 7681.45
1.2 4.6 7681.45
1.2 4.8 7681.45
1.2 5 7681.45
1.2 5.2 7681.45
1.2 5.4 7795.89
1.2 5.6 7708.71
1.2 5.8 7681.45
1.2 6 7681.45
1.2 6.2 7681.45
1.2 6.4 7681.45
1.2 6.6 7681.45
1.2 6.8 7799.54
1.2 7 7681.45
1.2 7.2 7900.26
1.2 7.4 7944.23
1.2 7.6 7782.17
1.2 7.8 7941.93
1.4 0.2 9766.64
1.4 0.4 8622.12
1.4 0.6 8067.12
1.4 0.8 7843.08
1.4 1 7875.04
1.4 1.2 7663.88
1.4 1.4 7676.83
1.4 1.6 7663.88
1.4 1.8 7663.88
1.4 2 7742.95
1.4 2.2 7663.59
1.4 2.4 7704.71
1.4 2.6 7677.12
1.4 2.8 7699.79
1.4 3 7663.88
1.4 3.2 7807.37
1.4 3.4 7708.71
1.4 3.6 7681.45
1.4 3.8 7681.45
1.4 4 7681.45
1.4 4.2 7681.45
1.4 4.4 7704.42
1.4 4.6 7681.45
1.4 4.8 7676.83
1.4 5 7676.83
1.4 5.2 7676.83
1.4 5.4 7681.45
1.4 5.6 7676.83
1.4 5.8 7681.45
1.4 6 7681.45
1.4 6.2 7681.45
1.4 6.4 7681.45
1.4 6.6 7681.45
1.4 6.8 7681.45
1.4 7 7681.45
1.4 7.2 7681.45
1.4 7.4 7704.42
1.4 7.6 7968.9
1.4 7.8 7944.23
1.6 0.2 10394.7
1.6 0.4 8459.01
1.6 0.6 8154.01
1.6 0.8 8013.6
1.6 1 7870.2
1.6 1.2 7791.67
1.6 1.4 7742.65
1.6 1.6 7709.01
1.6 1.8 7663.88
1.6 2 7663.88
1.6 2.2 7742.95
1.6 2.4 7918.6
1.6 2.6 7681.75
1.6 2.8 7681.75
1.6 3 7807.08
1.6 3.2 7823.04
1.6 3.4 7681.45
1.6 3.6 7797.14
1.6 3.8 7681.45
1.6 4 7807.08
1.6 4.2 7890.08
1.6 4.4 7681.45
1.6 4.6 7681.45
1.6 4.8 7795.67
1.6 5 7772.71
1.6 5.2 7681.45
1.6 5.4 7681.45
1.6 5.6 7790.1
1.6 5.8 7817.17
1.6 6 7681.45
1.6 6.2 7790.1
1.6 6.4 7817.17
1.6 6.6 7817.17
1.6 6.8 7817.17
1.6 7 7919.47
1.6 7.2 7930.91
1.6 7.4 7817.17
1.6 7.6 7681.45
1.6 7.8 7952.36
1.8 0.2 10489.4
1.8 0.4 9002.81
1.8 0.6 7985.57
1.8 0.8 8181.57
1.8 1 7851.97
1.8 1.2 7695.04
1.8 1.4 7663.88
1.8 1.6 7829.83
1.8 1.8 7791.67
1.8 2 7663.88
1.8 2.2 7548.99
1.8 2.4 7791.67
1.8 2.6 7787.05
1.8 2.8 7969.15
1.8 3 7681.75
1.8 3.2 7807.37
1.8 3.4 7681.75
1.8 3.6 7761.11
1.8 3.8 7796.84
1.8 4 7681.45
1.8 4.2 7807.08
1.8 4.4 7807.37
1.8 4.6 7681.45
1.8 4.8 7807.08
1.8 5 7807.08
1.8 5.2 7807.08
1.8 5.4 7795.67
1.8 5.6 7795.67
1.8 5.8 7795.67
1.8 6 7795.67
1.8 6.2 7795.67
1.8 6.4 7795.67
1.8 6.6 7795.67
1.8 6.8 7922.51
1.8 7 7927.91
1.8 7.2 7927.91
1.8 7.4 7955.63
1.8 7.6 7955.63
1.8 7.8 7930.91
2 0.2 11470.8
2 0.4 8494.79
2 0.6 8274.92
2 0.8 8353.34
2 1 7549.29
2 1.2 7825.54
2 1.4 7791.38
2 1.6 8080.55
2 1.8 7655.61
2 2 7699.18
2 2.2 7690.84
2 2.4 7967.22
2 2.6 7870.74
2 2.8 7663.88
2 3 7878.67
2 3.2 7888.52
2 3.4 7709.01
2 3.6 7774.25
2 3.8 8004.13
2 4 8073.84
2 4.2 7807.08
2 4.4 7878.97
2 4.6 7795.97
2 4.8 7795.67
2 5 7795.67
2 5.2 7795.67
2 5.4 7847.4
2 5.6 7795.67
2 5.8 7795.67
2 6 7795.67
2 6.2 7795.67
2 6.4 7795.67
2 6.6 7795.67
2 6.8 7922.51
2 7 7795.67
2 7.2 7955.63
2 7.4 7795.67
2 7.6 7955.63
2 7.8 7817.17
2.2 0.2 10667.7
2.2 0.4 8820.28
2.2 0.6 8237.84
2.2 0.8 7840.35
2.2 1 7806.37
2.2 1.2 8340.24
2.2 1.4 8190.19
2.2 1.6 7791.67
2.2 1.8 7945.06
2.2 2 7998.89
2.2 2.2 7954.2
2.2 2.4 7870.74
2.2 2.6 7905.78
2.2 2.8 7791.67
2.2 3 7760.82
2.2 3.2 7878.67
2.2 3.4 7769.88
2.2 3.6 7974.5
2.2 3.8 7967.22
2.2 4 8074.14
2.2 4.2 7847.4
2.2 4.4 7890.08
2.2 4.6 8005.75
2.2 4.8 7955.63
2.2 5 7967.34
2.2 5.2 7998.15
2.2 5.4 8065.63
2.2 5.6 7795.67
2.2 5.8 7955.63
2.2 6 7795.67
2.2 6.2 7795.67
2.2 6.4 7955.63
2.2 6.6 7955.63
2.2 6.8 7952.06
2.2 7 7795.67
2.2 7.2 8001.81
2.2 7.4 7795.67
2.2 7.6 7795.67
2.2 7.8 7795.67
2.4 0.2 12402.8
2.4 0.4 8942.46
2.4 0.6 7975.79
2.4 0.8 7978.55
2.4 1 7910.28
2.4 1.2 8101.08
2.4 1.4 7787.31
2.4 1.6 7770.7
2.4 1.8 7950.04
2.4 2 7870.74
2.4 2.2 7791.67
2.4 2.4 7791.67
2.4 2.6 7791.67
2.4 2.8 7887.33
2.4 3 7848.95
2.4 3.2 7807.08
2.4 3.4 7690.84
2.4 3.6 7966.92
2.4 3.8 7998.89
2.4 4 7681.75
2.4 4.2 7998.89
2.4 4.4 8055.95
2.4 4.6 8093.35
2.4 4.8 7965.83
2.4 5 7965.83
2.4 5.2 7990.84
2.4 5.4 7966.92
2.4 5.6 7955.63
2.4 5.8 7795.67
2.4 6 7795.67
2.4 6.2 7795.67
2.4 6.4 7795.67
2.4 6.6 7795.67
2.4 6.8 7955.63
2.4 7 7795.67
2.4 7.2 7955.63
2.4 7.4 7795.67
2.4 7.6 7857.6
2.4 7.8 7857.6
2.6 0.2 10750.3
2.6 0.4 9100.35
2.6 0.6 8183.69
2.6 0.8 7873.1
2.6 1 8181.51
2.6 1.2 8301.95
2.6 1.4 7548.99
2.6 1.6 8086.08
2.6 1.8 8111.92
2.6 2 7786.75
2.6 2.2 7549.29
2.6 2.4 8183.11
2.6 2.6 7791.67
2.6 2.8 7690.84
2.6 3 7949.75
2.6 3.2 8034.7
2.6 3.4 8034.7
2.6 3.6 7908.9
2.6 3.8 7998.45
2.6 4 8081.11
2.6 4.2 8073.84
2.6 4.4 7966.92
2.6 4.6 8093.35
2.6 4.8 8055.95
2.6 5 7990.84
2.6 5.2 8080.82
2.6 5.4 7992.4
2.6 5.6 7955.63
2.6 5.8 8093.35
2.6 6 7955.63
2.6 6.2 8055.95
2.6 6.4 7955.63
2.6 6.6 7955.63
2.6 6.8 7795.67
2.6 7 7955.63
2.6 7.2 7955.63
2.6 7.4 7857.6
2.6 7.6 7955.63
2.6 7.8 7955.63
2.8 0.2 10947.2
2.8 0.4 10060.3
2.8 0.6 8420.04
2.8 0.8 8116.06
2.8 1 8229.59
2.8 1.2 7791.67
2.8 1.4 7772.91
2.8 1.6 7787.31
2.8 1.8 7724.84
2.8 2 7829.83
2.8 2.2 7663.88
2.8 2.4 7663.88
2.8 2.6 7690.84
2.8 2.8 7856.16
2.8 3 7966.92
2.8 3.2 7955.63
2.8 3.4 7908.61
2.8 3.6 7998.45
2.8 3.8 8093.65
2.8 4 7681.75
2.8 4.2 7998.45
2.8 4.4 7966.92
2.8 4.6 7955.63
2.8 4.8 7990.84
2.8 5 7955.63
2.8 5.2 7990.84
2.8 5.4 7966.92
2.8 5.6 7954.42
2.8 5.8 7955.63
2.8 6 7967.04
2.8 6.2 7986.1
2.8 6.4 8032.48
2.8 6.6 7998.15
2.8 6.8 7998.15
2.8 7 8055.95
2.8 7.2 7955.63
2.8 7.4 8093.35
2.8 7.6 7937.26
2.8 7.8 7937.26
3 0.2 12569.4
3 0.4 9154.02
3 0.6 8374.02
3 0.8 8476.54
3 1 7839.53
3 1.2 7791.38
3 1.4 8078.82
3 1.6 8006.05
3 1.8 7791.67
3 2 8007.76
3 2.2 7663.59
3 2.4 7972.93
3 2.6 7791.67
3 2.8 7663.59
3 3 8009.47
3 3.2 8093.35
3 3.4 7769.88
3 3.6 8046.29
3 3.8 7681.75
3 4 7905.18
3 4.2 8093.65
3 4.4 7955.93
3 4.6 7968.79
3 4.8 8078.23
3 5 7954.42
3 5.2 8044.54
3 5.4 8044.54
3 5.6 7955.63
3 5.8 7955.63
3 6 8078.23
3 6.2 7998.15
3 6.4 7955.63
3 6.6 7998.15
3 6.8 7955.63
3 7 7681.45
3 7.2 7681.45
3 7.4 7681.45
3 7.6 7681.45
3 7.8 7867.53
3.2 0.2 12145
3.2 0.4 8690.23
3.2 0.6 8557.97
3.2 0.8 8455.55
3.2 1 8081.21
3.2 1.2 7913.7
3.2 1.4 7823.04
3.2 1.6 7628.36
3.2 1.8 7856.16
3.2 2 8288.12
3.2 2.2 7681.75
3.2 2.4 7848.95
3.2 2.6 7769.88
3.2 2.8 8093.35
3.2 3 7769.59
3.2 3.2 7966.92
3.2 3.4 7914.38
3.2 3.6 7848.95
3.2 3.8 7681.75
3.2 4 7791.67
3.2 4.2 7955.63
3.2 4.4 7990.84
3.2 4.6 8093.35
3.2 4.8 7955.63
3.2 5 8144.26
3.2 5.2 8109.2
3.2 5.4 8004.66
3.2 5.6 8093.35
3.2 5.8 8080.82
3.2 6 7890.08
3.2 6.2 7998.15
3.2 6.4 7993.52
3.2 6.6 7955.63
3.2 6.8 7681.45
3.2 7 7681.45
3.2 7.2 7681.45
3.2 7.4 8043.3
3.2 7.6 7681.45
3.2 7.8 7681.45
3.4 0.2 13078.8
3.4 0.4 9102.14
3.4 0.6 8071.91
3.4 0.8 7750.51
3.4 1 7686.48
3.4 1.2 8157.3
3.4 1.4 8265.7
3.4 1.6 8482.92
3.4 1.8 7791.38
3.4 2 7663.59
3.4 2.2 7549.29
3.4 2.4 7829.83
3.4 2.6 7769.88
3.4 2.8 7663.59
3.4 3 8184.73
3.4 3.2 7980.28
3.4 3.4 8042.85
3.4 3.6 7976.59
3.4 3.8 7663.59
3.4 4 7791.67
3.4 4.2 7955.63
3.4 4.4 7998.15
3.4 4.6 8093.35
3.4 4.8 8035
3.4 5 7829.54
3.4 5.2 8044.54
3.4 5.4 8073.6
3.4 5.6 8078.23
3.4 5.8 8078.23
3.4 6 7998.15
3.4 6.2 8032.48
3.4 6.4 8078.23
3.4 6.6 7681.45
3.4 6.8 8093.35
3.4 7 7681.45
3.4 7.2 7955.63
3.4 7.4 7681.45
3.4 7.6 7955.63
3.4 7.8 8077.04
3.6 0.2 11585.7
3.6 0.4 8711.21
3.6 0.6 8019.67
3.6 0.8 9040.21
3.6 1 8249.52
3.6 1.2 7791.67
3.6 1.4 7791.67
3.6 1.6 7791.67
3.6 1.8 7791.67
3.6 2 7663.59
3.6 2.2 7663.59
3.6 2.4 7769.88
3.6 2.6 7918.2
3.6 2.8 7848.95
3.6 3 7998.15
3.6 3.2 7839.13
3.6 3.4 8093.35
3.6 3.6 7769.88
3.6 3.8 7769.88
3.6 4 8013.31
3.6 4.2 7839.43
3.6 4.4 7970.89
3.6 4.6 8093.35
3.6 4.8 7955.63
3.6 5 7829.54
3.6 5.2 7998.15
3.6 5.4 7934.76
3.6 5.6 8078.23
3.6 5.8 8093.35
3.6 6 8032.48
3.6 6.2 7998.15
3.6 6.4 7947.51
3.6 6.6 8078.23
3.6 6.8 8077.04
3.6 7 7978.86
3.6 7.2 7955.63
3.6 7.4 7955.63
3.6 7.6 8077.04
3.6 7.8 8077.04
3.8 0.2 13056.6
3.8 0.4 9122.6
3.8 0.6 8791.86
3.8 0.8 8792.43
3.8 1 8540.28
3.8 1.2 8232.6
3.8 1.4 7867.21
3.8 1.6 7966.92
3.8 1.8 8261.53
3.8 2 7769.59
3.8 2.2 7628.06
3.8 2.4 7742.65
3.8 2.6 7966.92
3.8 2.8 7681.75
3.8 3 7839.13
3.8 3.2 7769.59
3.8 3.4 8078.52
3.8 3.6 7791.67
3.8 3.8 7681.75
3.8 4 8078.52
3.8 4.2 7829.54
3.8 4.4 7970.89
3.8 4.6 8073.9
3.8 4.8 8093.35
3.8 5 8044.54
3.8 5.2 7970.89
3.8 5.4 8078.23
3.8 5.6 8078.23
3.8 5.8 8032.48
3.8 6 8032.48
3.8 6.2 8109.2
3.8 6.4 8078.23
3.8 6.6 8078.23
3.8 6.8 8077.04
3.8 7 7955.63
3.8 7.2 8077.04
3.8 7.4 7969.35
3.8 7.6 8077.04
3.8 7.8 8077.04
4 0.2 12934.3
4 0.4 9472.42
4 0.6 8299.87
4 0.8 8134.11
4 1 8270.87
4 1.2 7791.38
4 1.4 8295.49
4 1.6 7724.84
4 1.8 7870.74
4 2 8009.47
4 2.2 7839.43
4 2.4 8262.37
4 2.6 7839.43
4 2.8 7769.88
4 3 7839.13
4 3.2 8078.52
4 3.4 7681.75
4 3.6 7829.83
4 3.8 7829.54
4 4 8078.52
4 4.2 7829.54
4 4.4 8081.11
4 4.6 8093.35
4 4.8 8093.35
4 5 8080.82
4 5.2 8078.23
4 5.4 8078.23
4 5.6 8078.23
4 5.8 8032.48
4 6 8032.48
4 6.2 7998.15
4 6.4 8078.23
4 6.6 8014.97
4 6.8 8077.04
4 7 7966.92
4 7.2 8077.04
4 7.4 8014.97
4 7.6 8077.04
4 7.8 8014.97
4.2 0.2 13452
4.2 0.4 9280.46
4.2 0.6 8283.49
4.2 0.8 7980.97
4.2 1 7942.58
4.2 1.2 8451.31
4.2 1.4 7861.56
4.2 1.6 7834.8
4.2 1.8 7791.38
4.2 2 7742.65
4.2 2.2 7663.88
4.2 2.4 8049.96
4.2 2.6 7681.45
4.2 2.8 8157.59
4.2 3 7855.87
4.2 3.2 7998.89
4.2 3.4 7760.52
4.2 3.6 7681.75
4.2 3.8 7769.88
4.2 4 7829.54
4.2 4.2 8078.52
4.2 4.4 7992.69
4.2 4.6 8145.31
4.2 4.8 8157.3
4.2 5 7966.92
4.2 5.2 7970.89
4.2 5.4 8078.23
4.2 5.6 8032.48
4.2 5.8 8032.48
4.2 6 7989.05
4.2 6.2 8157.3
4.2 6.4 8093.35
4.2 6.6 8077.04
4.2 6.8 7955.63
4.2 7 7955.63
4.2 7.2 8014.97
4.2 7.4 8093.35
4.2 7.6 7969.35
4.2 7.8 8077.04
4.4 0.2 13573.6
4.4 0.4 8667.34
4.4 0.6 9047.84
4.4 0.8 8405.32
4.4 1 8223.44
4.4 1.2 8204.88
4.4 1.4 8142.07
4.4 1.6 8408.49
4.4 1.8 7823.34
4.4 2 7825.54
4.4 2.2 7836.43
4.4 2.4 7769.59
4.4 2.6 7839.13
4.4 2.8 8093.65
4.4 3 7980.28
4.4 3.2 7681.45
4.4 3.4 7829.54
4.4 3.6 7769.88
4.4 3.8 7769.59
4.4 4 7970.89
4.4 4.2 8334.43
4.4 4.4 7708.71
4.4 4.6 7908.61
4.4 4.8 7963.82
4.4 5 8196.08
4.4 5.2 8093.35
4.4 5.4 8145.31
4.4 5.6 8032.48
4.4 5.8 8078.23
4.4 6 8078.23
4.4 6.2 8078.23
4.4 6.4 8077.04
4.4 6.6 8077.04
4.4 6.8 7955.63
4.4 7 7955.63
4.4 7.2 7955.63
4.4 7.4 8093.35
4.4 7.6 7969.35
4.4 7.8 8053.06
4.6 0.2 13532.2
4.6 0.4 9078.56
4.6 0.6 8402.88
4.6 0.8 8498.5
4.6 1 8014.8
4.6 1.2 8262.21
4.6 1.4 8100.35
4.6 1.6 8100.48
4.6 1.8 7663.59
4.6 2 7681.75
4.6 2.2 7839.43
4.6 2.4 7769.88
4.6 2.6 7839.43
4.6 2.8 8008.76
4.6 3 7769.59
4.6 3.2 7681.45
4.6 3.4 7769.59
4.6 3.6 7769.59
4.6 3.8 7791.38
4.6 4 8057.32
4.6 4.2 8045.99
4.6 4.4 8074.14
4.6 4.6 8080.82
4.6 4.8 8051.95
4.6 5 8004.66
4.6 5.2 8073.6
4.6 5.4 8078.23
4.6 5.6 8078.23
3.8 3.8 7681.75
3.8 4 8078.52
3.8 4.2 7829.54
3.8 4.4 7970.89
3.8 4.6 8073.9
3.8 4.8 8093.35
3.8 5 8044.54
3.8 5.2 7970.89
3.8 5.4 8078.23
3.8 5.6 8078.23
3.8 5.8 8032.48
3.8 6 8032.48
3.8 6.2 8109.2
3.8 6.4 8078.23
3.8 6.6 8078.23
3.8 6.8 8077.04
3.8 7 7955.63
3.8 7.2 8077.04
3.8 7.4 7969.35
3.8 7.6 8077.04
3.8 7.8 8077.04
4 0.2 12934.3
4 0.4 9472.42
4 0.6 8299.87
4 0.8 8134.11
4 1 8270.87
4 1.2 7791.38
4 1.4 8295.49
4 1.6 7724.84
4 1.8 7870.74
4 2 8009.47
4 2.2 7839.43
4 2.4 8262.37
4 2.6 7839.43
4 2.8 7769.88
4 3 7839.13
4 3.2 8078.52
4 3.4 7681.75
4 3.6 7829.83
4 3.8 7829.54
4 4 8078.52
4 4.2 7829.54
4 4.4 8081.11
4 4.6 8093.35
4 4.8 8093.35
4 5 8080.82
4 5.2 8078.23
4 5.4 8078.23
4 5.6 8078.23
4 5.8 8032.48
4 6 8032.48
4 6.2 7998.15
4 6.4 8078.23
4 6.6 8014.97
4 6.8 8077.04
4 7 7966.92
4 7.2 8077.04
4 7.4 8014.97
4 7.6 8077.04
4 7.8 8014.97
4.2 0.2 13452
4.2 0.4 9280.46
4.2 0.6 8283.49
4.2 0.8 7980.97
4.2 1 7942.58
4.2 1.2 8451.31
4.2 1.4 7861.56
4.2 1.6 7834.8
4.2 1.8 7791.38
4.2 2 7742.65
4.2 2.2 7663.88
4.2 2.4 8049.96
4.2 2.6 7681.45
4.2 2.8 8157.59
4.2 3 7855.87
4.2 3.2 7998.89
4.2 3.4 7760.52
4.2 3.6 7681.75
4.2 3.8 7769.88
4.2 4 7829.54
4.2 4.2 8078.52
4.2 4.4 7992.69
4.2 4.6 8145.31
4.2 4.8 8157.3
4.2 5 7966.92
4.2 5.2 7970.89
4.2 5.4 8078.23
4.2 5.6 8032.48
4.2 5.8 8032.48
4.2 6 7989.05
4.2 6.2 8157.3
4.2 6.4 8093.35
4.2 6.6 8077.04
4.2 6.8 7955.63
4.2 7 7955.63
4.2 7.2 8014.97
4.2 7.4 8093.35
4.2 7.6 7969.35
4.2 7.8 8077.04
4.4 0.2 13573.6
4.4 0.4 8667.34
4.4 0.6 9047.84
4.4 0.8 8405.32
4.4 1 8223.44
4.4 1.2 8204.88
4.4 1.4 8142.07
4.4 1.6 8408.49
4.4 1.8 7823.34
4.4 2 7825.54
4.4 2.2 7836.43
4.4 2.4 7769.59
4.4 2.6 7839.13
4.4 2.8 8093.65
4.4 3 7980.28
4.4 3.2 7681.45
4.4 3.4 7829.54
4.4 3.6 7769.88
4.4 3.8 7769.59
4.4 4 7970.89
4.4 4.2 8334.43
4.4 4.4 7708.71
4.4 4.6 7908.61
4.4 4.8 7963.82
4.4 5 8196.08
4.4 5.2 8093.35
4.4 5.4 8145.31
4.4 5.6 8032.48
4.4 5.8 8078.23
4.4 6 8078.23
4.4 6.2 8078.23
4.4 6.4 8077.04
4.4 6.6 8077.04
4.4 6.8 7955.63
4.4 7 7955.63
4.4 7.2 7955.63
4.4 7.4 8093.35
4.4 7.6 7969.35
4.4 7.8 8053.06
4.6 0.2 13532.2
4.6 0.4 9078.56
4.6 0.6 8402.88
4.6 0.8 8498.5
4.6 1 8014.8
4.6 1.2 8262.21
4.6 1.4 8100.35
4.6 1.6 8100.48
4.6 1.8 7663.59
4.6 2 7681.75
4.6 2.2 7839.43
4.6 2.4 7769.88
4.6 2.6 7839.43
4.6 2.8 8008.76
4.6 3 7769.59
4.6 3.2 7681.45
4.6 3.4 7769.59
4.6 3.6 7769.59
4.6 3.8 7791.38
4.6 4 8057.32
4.6 4.2 8045.99
4.6 4.4 8074.14
4.6 4.6 8080.82
4.6 4.8 8051.95
4.6 5 8004.66
4.6 5.2 8073.6
4.6 5.4 8078.23
4.6 5.6 8078.23