1 2.2 563.764
1 2.4 563.396
1 2.8 563.396
1 3 565.807
1 3.2 563.198
1 3.6 563.396
1 4 560.784
1 4.2 563.538
1 4.4 563.538
1 4.6 560.724
1 4.8 563.538
1 5 561.588
1 5.2 562.978
1 5.4 560.724
1 5.6 560.07
1 5.8 561.206
1 6 561.206
1 6.2 561.206
1 6.4 565.442
1 6.6 565.442
1 7.4 565.442
1 7.8 565.442

1.0 1.4 449.55
1.0 1.8 455.018
1.0 2.0 454.671
1.0 2.2 450.781
1.0 2.4 447.539
1.0 2.6 448.142
1.0 2.8 451.059
1.0 3.0 452.804
1.0 3.4 447.989
1.0 3.6 449.955
1.0 3.8 449.955
1.0 4.2 453.634
1.0 4.6 452.623
1.0 5.0 452.623
1.0 5.2 452.623
1.0 6.2 448.449
1.0 6.4 452.421
1.0 6.6 453.785
1.0 7.0 447.364
1.0 7.2 451.117
1.0 7.4 447.364
1.0 7.8 447.364

1.0 2.6 7544.66
1.0 2.8 7571.92
1.0 3.0 7544.37
1.0 3.2 7663.59
1.0 3.4 7571.62
1.0 3.6 7663.59
1.0 3.8 7571.62
1.0 4.0 7658.96
1.0 4.2 7544.37
1.0 4.4 7663.59
1.0 4.6 7663.59
1.0 4.8 7544.37
1.0 5.0 7663.59
1.0 5.4 7598.74
1.0 5.6 7598.74
1.0 5.8 7598.74