0.6 4.2 450.541
0.6 5.2 450.519
0.6 6.8 449.538
0.8 3.2 444.489
0.8 3.6 444.489
0.8 3.8 445.376
0.8 5.4 452.934
0.8 6.4 447.89
0.8 6.6 447.89
1.0 1.4 449.55
1.0 2.2 450.781
1.0 2.4 447.539
1.0 2.6 448.142
1.0 2.8 451.059
1.0 3.0 452.804
1.0 3.4 447.989
1.0 3.6 449.955
1.0 3.8 449.955
1.0 4.6 452.623
1.0 5.0 452.623
1.0 5.2 452.623
1.0 6.2 448.449
1.0 6.4 452.421
1.0 7.0 447.364
1.0 7.2 451.117
1.0 7.4 447.364
1.0 7.8 447.364
1.2 0.6 447.681
1.2 1.0 443.659
1.2 1.4 450.384
1.2 1.6 452.04
1.2 1.8 452.752
1.2 2.6 450.727
1.2 2.8 451.92
1.2 4.0 448.039
1.4 1.0 449.076
1.4 1.2 452.393
1.4 2.8 451.085
1.6 0.8 438.304
1.6 1.0 451.816
1.8 1.6 448.229
1.8 2.8 450.037
2.2 0.6 448.639
2.2 1.0 448.288
2.4 0.8 447.016
2.6 1.0 447.349
2.6 1.2 449.954
2.8 0.6 444.806
3.0 1.0 451.748
3.8 0.6 452.126
3.8 1.6 451.253
4.0 1.0 450.382