0.2 0.2 1112.69
0.2 0.4 1168.65
0.2 0.6 1055.3
0.2 0.8 998.933
0.2 1 918.022
0.2 1.2 827.6
0.2 1.4 781.9
0.2 1.6 688.636
0.2 1.8 658.039
0.2 2 647.894
0.2 2.2 603.625
0.2 2.4 575.557
0.2 2.6 558.042
0.2 2.8 545.951
0.2 3 538.191
0.2 3.2 499.983
0.2 3.4 498.71
0.2 3.6 493.415
0.2 3.8 492.737
0.2 4 483.378
0.2 4.2 482.301
0.2 4.4 479.797
0.2 4.6 476.726
0.2 4.8 473.869
0.2 5 468.52
0.2 5.2 463.338
0.2 5.4 453.764
0.2 5.6 453.764
0.2 5.8 468.324
0.2 6 468.324
0.2 6.2 471.241
0.2 6.4 457.583
0.2 6.6 461.295
0.2 6.8 460.353
0.2 7 461.559
0.2 7.2 460.382
0.2 7.4 460.353
0.2 7.6 460.353
0.2 7.8 460.353
0.4 0.2 1187.86
0.4 0.4 1078.64
0.4 0.6 971.29
0.4 0.8 855.574
0.4 1 761.991
0.4 1.2 725.986
0.4 1.4 649.599
0.4 1.6 597.43
0.4 1.8 585.332
0.4 2 566.855
0.4 2.2 540.195
0.4 2.4 519.217
0.4 2.6 500.319
0.4 2.8 509.021
0.4 3 485.013
0.4 3.2 489.956
0.4 3.4 483.706
0.4 3.6 476.642
0.4 3.8 476.876
0.4 4 461.464
0.4 4.2 469.864
0.4 4.4 470.516
0.4 4.6 468.52
0.4 4.8 459.971
0.4 5 470.705
0.4 5.2 460.353
0.4 5.4 466.411
0.4 5.6 457.431
0.4 5.8 460.353
0.4 6 460.353
0.4 6.2 460.353
0.4 6.4 460.353
0.4 6.6 460.353
0.4 6.8 460.353
0.4 7 460.353
0.4 7.2 459.906
0.4 7.4 455.622
0.4 7.6 455.622
0.4 7.8 459.906
0.6 0.2 1083.17
0.6 0.4 973.665
0.6 0.6 862.003
0.6 0.8 727.432
0.6 1 657.394
0.6 1.2 569.2
0.6 1.4 562.001
0.6 1.6 541
0.6 1.8 524.06
0.6 2 506.064
0.6 2.2 477.086
0.6 2.4 464.079
0.6 2.6 488.176
0.6 2.8 475.443
0.6 3 469.771
0.6 3.2 470.505
0.6 3.4 466.35
0.6 3.6 456.281
0.6 3.8 455.485
0.6 4 463.584
0.6 4.2 450.541
0.6 4.4 455.485
0.6 4.6 455.084
0.6 4.8 453.999
0.6 5 460.353
0.6 5.2 450.519
0.6 5.4 460.517
0.6 5.6 460.353
0.6 5.8 458.711
0.6 6 461.205
0.6 6.2 459.906
0.6 6.4 459.906
0.6 6.6 459.906
0.6 6.8 449.538
0.6 7 456.421
0.6 7.2 456.421
0.6 7.4 456.003
0.6 7.6 453.634
0.6 7.8 455.994
0.8 0.2 999.983
0.8 0.4 764.719
0.8 0.6 667.199
0.8 0.8 574.517
0.8 1 512
0.8 1.2 514.078
0.8 1.4 499.989
0.8 1.6 490.465
0.8 1.8 462.973
0.8 2 466.119
0.8 2.2 457.226
0.8 2.4 456.117
0.8 2.6 463.584
0.8 2.8 456.481
0.8 3 455.485
0.8 3.2 444.489
0.8 3.4 458.261
0.8 3.6 444.489
0.8 3.8 445.376
0.8 4 460.854
0.8 4.2 459.573
0.8 4.4 459.199
0.8 4.6 459.43
0.8 4.8 459.43
0.8 5 453.634
0.8 5.2 461.93
0.8 5.4 452.934
0.8 5.6 453.456
0.8 5.8 453.634
0.8 6 457.939
0.8 6.2 453.634
0.8 6.4 447.89
0.8 6.6 447.89
0.8 6.8 457.044
0.8 7 455.308
0.8 7.2 456.421
0.8 7.4 455.308
0.8 7.6 458.711
0.8 7.8 456.571
1 0.2 750.676
1 0.4 581.266
1 0.6 518.853
1 0.8 493.816
1 1 477.65
1 1.2 465.438
1 1.4 449.55
1 1.6 457.556
1 1.8 455.018
1 2 454.671
1 2.2 450.781
1 2.4 447.539
1 2.6 448.142
1 2.8 451.059
1 3 452.804
1 3.2 456.706
1 3.4 447.989
1 3.6 449.955
1 3.8 449.955
1 4 457.77
1 4.2 453.634
1 4.4 456.048
1 4.6 452.623
1 4.8 458.89
1 5 452.623
1 5.2 452.623
1 5.4 456.83
1 5.6 455.418
1 5.8 459.336
1 6 459.336
1 6.2 448.449
1 6.4 452.421
1 6.6 453.785
1 6.8 459.056
1 7 447.364
1 7.2 451.117
1 7.4 447.364
1 7.6 460.884
1 7.8 447.364
1.2 0.2 531.771
1.2 0.4 460.757
1.2 0.6 447.681
1.2 0.8 468.182
1.2 1 443.659
1.2 1.2 457.086
1.2 1.4 450.384
1.2 1.6 452.04
1.2 1.8 452.752
1.2 2 454.001
1.2 2.2 458.401
1.2 2.4 455.395
1.2 2.6 450.727
1.2 2.8 451.92
1.2 3 454.008
1.2 3.2 455.85
1.2 3.4 457.525
1.2 3.6 461.388
1.2 3.8 457.012
1.2 4 448.039
1.2 4.2 459.056
1.2 4.4 459.902
1.2 4.6 457.141
1.2 4.8 461.388
1.2 5 460.884
1.2 5.2 464.26
1.2 5.4 460.884
1.2 5.6 460.884
1.2 5.8 460.884
1.2 6 461.966
1.2 6.2 464.276
1.2 6.4 460.884
1.2 6.6 464.822
1.2 6.8 464.822
1.2 7 461.748
1.2 7.2 464.276
1.2 7.4 464.276
1.2 7.6 464.276
1.2 7.8 464.822
1.4 0.2 522.886
1.4 0.4 467.931
1.4 0.6 474.855
1.4 0.8 474.242
1.4 1 449.076
1.4 1.2 452.393
1.4 1.4 456.469
1.4 1.6 460.161
1.4 1.8 456.84
1.4 2 465.309
1.4 2.2 460.411
1.4 2.4 465.019
1.4 2.6 459.816
1.4 2.8 451.085
1.4 3 461.166
1.4 3.2 455.85
1.4 3.4 455.85
1.4 3.6 455.85
1.4 3.8 461.388
1.4 4 455.303
1.4 4.2 455.303
1.4 4.4 458.205
1.4 4.6 455.303
1.4 4.8 461.388
1.4 5 461.388
1.4 5.2 454.291
1.4 5.4 460.884
1.4 5.6 453.869
1.4 5.8 453.869
1.4 6 465.309
1.4 6.2 453.869
1.4 6.4 465.309
1.4 6.6 464.822
1.4 6.8 465.309
1.4 7 453.869
1.4 7.2 453.869
1.4 7.4 464.822
1.4 7.6 464.822
1.4 7.8 465.309
1.6 0.2 528.159
1.6 0.4 483.023
1.6 0.6 453.556
1.6 0.8 438.304
1.6 1 451.816
1.6 1.2 469.214
1.6 1.4 453.17
1.6 1.6 462.877
1.6 1.8 455.068
1.6 2 460.409
1.6 2.2 471.049
1.6 2.4 464.112
1.6 2.6 465.082
1.6 2.8 461.265
1.6 3 465.008
1.6 3.2 466.459
1.6 3.4 464.112
1.6 3.6 459.386
1.6 3.8 455.85
1.6 4 457.502
1.6 4.2 463.424
1.6 4.4 460.409
1.6 4.6 465.977
1.6 4.8 459.888
1.6 5 454.291
1.6 5.2 460.884
1.6 5.4 463.206
1.6 5.6 462.687
1.6 5.8 453.869
1.6 6 464.479
1.6 6.2 469.063
1.6 6.4 467.655
1.6 6.6 455.818
1.6 6.8 465.977
1.6 7 453.869
1.6 7.2 455.85
1.6 7.4 465.977
1.6 7.6 465.855
1.6 7.8 467.403
1.8 0.2 616.226
1.8 0.4 524.07
1.8 0.6 476.16
1.8 0.8 466.213
1.8 1 463.924
1.8 1.2 456.996
1.8 1.4 461.616
1.8 1.6 448.229
1.8 1.8 456.209
1.8 2 467.036
1.8 2.2 457.985
1.8 2.4 455.261
1.8 2.6 461.265
1.8 2.8 450.037
1.8 3 474.197
1.8 3.2 457.684
1.8 3.4 460.028
1.8 3.6 461.921
1.8 3.8 463.424
1.8 4 458.756
1.8 4.2 454.291
1.8 4.4 466.667
1.8 4.6 465.977
1.8 4.8 453.869
1.8 5 462.404
1.8 5.2 464.807
1.8 5.4 469.063
1.8 5.6 462.659
1.8 5.8 467.633
1.8 6 471.03
1.8 6.2 470.799
1.8 6.4 455.85
1.8 6.6 468.24
1.8 6.8 470.041
1.8 7 467.403
1.8 7.2 465.855
1.8 7.4 459.026
1.8 7.6 457.556
1.8 7.8 458.516
2 0.2 643.798
2 0.4 485.281
2 0.6 472.875
2 0.8 493.358
2 1 453.359
2 1.2 478.602
2 1.4 462.594
2 1.6 457.293
2 1.8 463.408
2 2 455.212
2 2.2 456.84
2 2.4 456.95
2 2.6 462.925
2 2.8 465.329
2 3 461.855
2 3.2 468.24
2 3.4 461.677
2 3.6 468.24
2 3.8 468.24
2 4 460.409
2 4.2 462.601
2 4.4 463.987
2 4.6 460.409
2 4.8 455.85
2 5 467.655
2 5.2 464.807
2 5.4 472.574
2 5.6 470.304
2 5.8 465.345
2 6 465.855
2 6.2 465.855
2 6.4 468.74
2 6.6 467.655
2 6.8 467.403
2 7 467.403
2 7.2 467.655
2 7.4 467.403
2 7.6 467.403
2 7.8 465.855
2.2 0.2 650.037
2.2 0.4 485.527
2.2 0.6 448.639
2.2 0.8 472.569
2.2 1 448.288
2.2 1.2 464.849
2.2 1.4 489.525
2.2 1.6 458.914
2.2 1.8 467.247
2.2 2 475.202
2.2 2.2 458.773
2.2 2.4 461.126
2.2 2.6 465.64
2.2 2.8 456.95
2.2 3 467.108
2.2 3.2 462.54
2.2 3.4 462.404
2.2 3.6 460.409
2.2 3.8 462.404
2.2 4 468.181
2.2 4.2 457.348
2.2 4.4 461.388
2.2 4.6 465.892
2.2 4.8 467.784
2.2 5 461.458
2.2 5.2 457.996
2.2 5.4 468.202
2.2 5.6 468.202
2.2 5.8 466.028
2.2 6 466.028
2.2 6.2 467.655
2.2 6.4 471.874
2.2 6.6 467.655
2.2 6.8 468.202
2.2 7 468.202
2.2 7.2 464.302
2.2 7.4 468.202
2.2 7.6 468.202
2.2 7.8 468.202
2.4 0.2 710.564
2.4 0.4 498.697
2.4 0.6 482.14
2.4 0.8 447.016
2.4 1 456.621
2.4 1.2 467.746
2.4 1.4 461.531
2.4 1.6 465.329
2.4 1.8 459.05
2.4 2 463.69
2.4 2.2 459.32
2.4 2.4 468.287
2.4 2.6 472.574
2.4 2.8 458.51
2.4 3 463.424
2.4 3.2 473.12
2.4 3.4 458.444
2.4 3.6 458.51
2.4 3.8 472.574
2.4 4 462.332
2.4 4.2 465.892
2.4 4.4 468.24
2.4 4.6 464.807
2.4 4.8 470.041
2.4 5 467.655
2.4 5.2 467.807
2.4 5.4 453.372
2.4 5.6 453.587
2.4 5.8 468.202
2.4 6 467.655
2.4 6.2 465.855
2.4 6.4 472.236
2.4 6.6 471.874
2.4 6.8 468.25
2.4 7 472.574
2.4 7.2 464.302
2.4 7.4 468.202
2.4 7.6 465.309
2.4 7.8 463.485
2.6 0.2 707.014
2.6 0.4 527.813
2.6 0.6 469.424
2.6 0.8 455.148
2.6 1 447.349
2.6 1.2 449.954
2.6 1.4 464.4
2.6 1.6 466.135
2.6 1.8 471.923
2.6 2 464.857
2.6 2.2 454.001
2.6 2.4 465.242
2.6 2.6 458.51
2.6 2.8 458.018
2.6 3 465.982
2.6 3.2 470.041
2.6 3.4 469.125
2.6 3.6 466.513
2.6 3.8 467.655
2.6 4 466.133
2.6 4.2 468.24
2.6 4.4 463.055
2.6 4.6 466.975
2.6 4.8 464.807
2.6 5 468.24
2.6 5.2 468.24
2.6 5.4 468.24
2.6 5.6 472.455
2.6 5.8 472.455
2.6 6 465.309
2.6 6.2 464.822
2.6 6.4 464.822
2.6 6.6 465.309
2.6 6.8 464.302
2.6 7 465.309
2.6 7.2 465.309
2.6 7.4 465.309
2.6 7.6 465.309
2.6 7.8 465.309
2.8 0.2 707.989
2.8 0.4 547.538
2.8 0.6 444.806
2.8 0.8 457.196
2.8 1 453.62
2.8 1.2 453.252
2.8 1.4 468.24
2.8 1.6 459.708
2.8 1.8 460.798
2.8 2 464.494
2.8 2.2 463.821
2.8 2.4 471.095
2.8 2.6 465.892
2.8 2.8 468.202
2.8 3 457.863
2.8 3.2 468.24
2.8 3.4 468.188
2.8 3.6 462.404
2.8 3.8 465.985
2.8 4 468.24
2.8 4.2 465.985
2.8 4.4 468.24
2.8 4.6 468.24
2.8 4.8 461.427
2.8 5 468.24
2.8 5.2 464.822
2.8 5.4 468.202
2.8 5.6 467.308
2.8 5.8 457.996
2.8 6 464.449
2.8 6.2 465.309
2.8 6.4 469.396
2.8 6.6 465.309
2.8 6.8 468.24
2.8 7 462.282
2.8 7.2 469.396
2.8 7.4 465.309
2.8 7.6 465.309
2.8 7.8 465.309
3 0.2 639.408
3 0.4 508.548
3 0.6 459.544
3 0.8 470.007
3 1 451.748
3 1.2 468.536
3 1.4 468.512
3 1.6 464.715
3 1.8 466.572
3 2 466.576
3 2.2 468.202
3 2.4 462.458
3 2.6 468.202
3 2.8 467.784
3 3 457.473
3 3.2 461.812
3 3.4 468.24
3 3.6 470.645
3 3.8 468.24
3 4 461.427
3 4.2 468.24
3 4.4 468.24
3 4.6 472.574
3 4.8 465.985
3 5 457
3 5.2 463.69
3 5.4 465.309
3 5.6 465.309
3 5.8 465.309
3 6 462.282
3 6.2 465.309
3 6.4 465.309
3 6.6 464.302
3 6.8 462.282
3 7 467.655
3 7.2 465.309
3 7.4 465.309
3 7.6 465.309
3 7.8 465.309
3.2 0.2 767.108
3.2 0.4 482.152
3.2 0.6 471.743
3.2 0.8 464.462
3.2 1 476.835
3.2 1.2 473.333
3.2 1.4 476.611
3.2 1.6 466.903
3.2 1.8 459.313
3.2 2 482.746
3.2 2.2 456.873
3.2 2.4 471.925
3.2 2.6 469.354
3.2 2.8 482.13
3.2 3 477.042
3.2 3.2 459.32
3.2 3.4 461.921
3.2 3.6 472.574
3.2 3.8 468.24
3.2 4 468.202
3.2 4.2 461.578
3.2 4.4 468.202
3.2 4.6 468.202
3.2 4.8 468.24
3.2 5 468.24
3.2 5.2 464.822
3.2 5.4 465.309
3.2 5.6 465.309
3.2 5.8 465.019
3.2 6 462.282
3.2 6.2 465.309
3.2 6.4 462.282
3.2 6.6 462.282
3.2 6.8 468.24
3.2 7 465.309
3.2 7.2 465.309
3.2 7.4 465.309
3.2 7.6 465.309
3.2 7.8 465.309
3.4 0.2 773.198
3.4 0.4 500.803
3.4 0.6 467.435
3.4 0.8 459.403
3.4 1 470.466
3.4 1.2 461.824
3.4 1.4 479.827
3.4 1.6 455.757
3.4 1.8 457.351
3.4 2 464.132
3.4 2.2 473.723
3.4 2.4 478.834
3.4 2.6 458.199
3.4 2.8 473.12
3.4 3 469.987
3.4 3.2 458.93
3.4 3.4 463.968
3.4 3.6 468.24
3.4 3.8 472.574
3.4 4 468.24
3.4 4.2 468.24
3.4 4.4 467.655
3.4 4.6 467.655
3.4 4.8 465.154
3.4 5 467.655
3.4 5.2 459.637
3.4 5.4 457
3.4 5.6 468.202
3.4 5.8 473.12
3.4 6 465.309
3.4 6.2 465.154
3.4 6.4 469.287
3.4 6.6 468.24
3.4 6.8 468.24
3.4 7 465.309
3.4 7.2 472.574
3.4 7.4 465.309
3.4 7.6 465.309
3.4 7.8 464.006
3.6 0.2 749.224
3.6 0.4 528.504
3.6 0.6 478.115
3.6 0.8 466.636
3.6 1 480.006
3.6 1.2 475.274
3.6 1.4 457.008
3.6 1.6 463.506
3.6 1.8 492.232
3.6 2 475.202
3.6 2.2 463.028
3.6 2.4 466.801
3.6 2.6 465.345
3.6 2.8 470.782
3.6 3 461.431
3.6 3.2 469.711
3.6 3.4 455.728
3.6 3.6 463.206
3.6 3.8 468.24
3.6 4 468.24
3.6 4.2 468.202
3.6 4.4 459.32
3.6 4.6 464.406
3.6 4.8 467.655
3.6 5 468.24
3.6 5.2 463.424
3.6 5.4 465.309
3.6 5.6 465.309
3.6 5.8 469.287
3.6 6 462.282
3.6 6.2 462.282
3.6 6.4 469.287
3.6 6.6 478.73
3.6 6.8 468.24
3.6 7 472.574
3.6 7.2 472.574
3.6 7.4 465.309
3.6 7.6 464.259
3.6 7.8 464.259
3.8 0.2 703.384
3.8 0.4 522.876
3.8 0.6 452.126
3.8 0.8 478.703
3.8 1 472.912
3.8 1.2 478.61
3.8 1.4 486.896
3.8 1.6 451.253
3.8 1.8 458.287
3.8 2 466.922
3.8 2.2 460.773
3.8 2.4 482.528
3.8 2.6 470.041
3.8 2.8 463.033
3.8 3 470.041
3.8 3.2 468.24
3.8 3.4 465.309
3.8 3.6 475.712
3.8 3.8 464.807
3.8 4 468.24
3.8 4.2 468.24
3.8 4.4 472.574
3.8 4.6 472.071
3.8 4.8 464.406
3.8 5 468.202
3.8 5.2 463.424
3.8 5.4 465.309
3.8 5.6 473.443
3.8 5.8 469.287
3.8 6 466.028
3.8 6.2 469.287
3.8 6.4 472.373
3.8 6.6 470.381
3.8 6.8 473.12
3.8 7 473.12
3.8 7.2 468.24
3.8 7.4 468.24
3.8 7.6 464.259
3.8 7.8 468.202
4 0.2 704.119
4 0.4 534.309
4 0.6 483.291
4 0.8 453.439
4 1 450.382
4 1.2 473.743
4 1.4 464.687
4 1.6 456.34
4 1.8 468.878
4 2 454.623
4 2.2 482.264
4 2.4 462.174
4 2.6 461.812
4 2.8 478.685
4 3 468.24
4 3.2 476.988
4 3.4 464.137
4 3.6 467.655
4 3.8 468.24
4 4 468.24
4 4.2 468.24
4 4.4 467.655
4 4.6 471.753
4 4.8 465.309
4 5 465.309
4 5.2 468.202
4 5.4 465.309
4 5.6 465.309
4 5.8 467.37
4 6 468.202
4 6.2 468.24
4 6.4 468.202
4 6.6 478.73
4 6.8 475.047
4 7 472.574
4 7.2 479.267
4 7.4 464.822
4 7.6 464.259
4 7.8 468.202
4.2 0.2 780.796
4.2 0.4 575.593
4.2 0.6 508.459
4.2 0.8 455.716
4.2 1 489.189
4.2 1.2 458.453
4.2 1.4 486.723
4.2 1.6 457.159
4.2 1.8 458.244
4.2 2 464.925
4.2 2.2 462.51
4.2 2.4 472.805
4.2 2.6 468.202
4.2 2.8 472.884
4.2 3 478.155
4.2 3.2 464.406
4.2 3.4 463.913
4.2 3.6 468.24
4.2 3.8 467.655
4.2 4 468.24
4.2 4.2 469.216
4.2 4.4 463.558
4.2 4.6 468.202
4.2 4.8 469.396
4.2 5 465.309
4.2 5.2 468.202
4.2 5.4 465.309
4.2 5.6 469.287
4.2 5.8 469.216
4.2 6 469.287
4.2 6.2 469.287
4.2 6.4 468.202
4.2 6.6 473.12
4.2 6.8 468.24
4.2 7 473.12
4.2 7.2 473.12
4.2 7.4 473.12
4.2 7.6 468.202
4.2 7.8 468.202
4.4 0.2 769.17
4.4 0.4 551.193
4.4 0.6 484.891
4.4 0.8 462.963
4.4 1 465.114
4.4 1.2 470.012
4.4 1.4 485.217
4.4 1.6 461.119
4.4 1.8 465.015
4.4 2 473.301
4.4 2.2 472.574
4.4 2.4 472.902
4.4 2.6 469.196
4.4 2.8 467.655
4.4 3 479.267
4.4 3.2 473.12
4.4 3.4 468.74
4.4 3.6 473.12
4.4 3.8 467.655
4.4 4 453.619
4.4 4.2 474.455
4.4 4.4 467.655
4.4 4.6 465.309
4.4 4.8 465.309
4.4 5 469.287
4.4 5.2 468.202
4.4 5.4 469.287
4.4 5.6 469.287
4.4 5.8 472.574
4.4 6 469.287
4.4 6.2 469.287
4.4 6.4 473.651
4.4 6.6 473.12
4.4 6.8 473.12
4.4 7 473.12
4.4 7.2 473.12
4.4 7.4 473.12
4.4 7.6 473.12
4.4 7.8 468.202
4.6 0.2 769.556
4.6 0.4 581.531
4.6 0.6 488.46
4.6 0.8 506.217
4.6 1 481.215
4.6 1.2 454.044
4.6 1.4 465.056
4.6 1.6 463.247
4.6 1.8 469.598
4.6 2 473.5
4.6 2.2 468.954
4.6 2.4 475.331
4.6 2.6 468.74
4.6 2.8 483.233
4.6 3 465.8
4.6 3.2 467.655
4.6 3.4 476.552
4.6 3.6 472.574
4.6 3.8 468.24
4.6 4 469.287
4.6 4.2 472.574
4.6 4.4 468.202
4.6 4.6 463.424
4.6 4.8 463.509
4.6 5 464.406
4.6 5.2 467.746
4.6 5.4 463.509
4.6 5.6 469.287
4.6 5.8 469.287
4.6 6 473.12
4.6 6.2 473.12
4.6 6.4 473.651
4.6 6.6 478.73
4.6 6.8 473.12
4.6 7 473.12
4.6 7.2 473.12
4.6 7.4 473.12
4.6 7.6 468.202
4.6 7.8 468.202
4.8 0.2 752.888
4.8 0.4 572.34
4.8 0.6 483.455
4.8 0.8 475.11
4.8 1 478.072
4.8 1.2 462.775
4.8 1.4 511.12
4.8 1.6 454.553
4.8 1.8 463.063
4.8 2 468.917
4.8 2.2 478.559
4.8 2.4 468.202
4.8 2.6 460.995
4.8 2.8 470.21
4.8 3 473.019
4.8 3.2 472.574
4.8 3.4 472.574
4.8 3.6 467.655
4.8 3.8 465.309
4.8 4 453.619
4.8 4.2 468.24
4.8 4.4 468.995
4.8 4.6 465.309
4.8 4.8 469.396
4.8 5 468.24
4.8 5.2 469.287
4.8 5.4 473.12
4.8 5.6 469.287
4.8 5.8 473.12
4.8 6 464.822
4.8 6.2 469.287
4.8 6.4 473.12
4.8 6.6 473.12
4.8 6.8 472.574
4.8 7 468.202
4.8 7.2 474.606
4.8 7.4 473.12
4.8 7.6 468.202
4.8 7.8 468.202
5 0.2 744.317
5 0.4 550.925
5 0.6 477.922
5 0.8 473.149
5 1 455.263
5 1.2 450.875
5 1.4 457.483
5 1.6 450.959
5 1.8 481.64
5 2 469.894
5 2.2 468.999
5 2.4 468.24
5 2.6 472.814
5 2.8 476.498
5 3 477.542
5 3.2 468.202
5 3.4 468.24
5 3.6 469.216
5 3.8 469.216
5 4 468.24
5 4.2 472.654
5 4.4 469.287
5 4.6 467.655
5 4.8 468.24
5 5 466.975
5 5.2 467.746
5 5.4 465.666
5 5.6 473.12
5 5.8 468.202
5 6 467.655
5 6.2 469.287
5 6.4 479.267
5 6.6 473.12
5 6.8 473.12
5 7 468.202
5 7.2 473.12
5 7.4 468.202
5 7.6 465.461
5 7.8 468.202
5.2 0.2 650.829
5.2 0.4 489.542
5.2 0.6 468.472
5.2 0.8 472.592
5.2 1 456.512
5.2 1.2 467.498
5.2 1.4 479.439
