0.3 0.3 1859.13
0.3 0.65 1532.67
0.3 1 1292.64
0.3 1.35 1097.92
0.3 1.7 907.381
0.3 2.05 796.154
0.3 2.4 746.357
0.3 2.75 668.928
0.3 3.1 660.674
0.3 3.45 635.74
0.3 3.8 618.439
0.3 4.15 607.34
0.3 4.5 593.983
0.3 4.85 590.485
0.3 5.2 584.646
0.3 5.55 584.646
0.3 5.9 586.02
0.3 6.25 586.02
0.3 6.6 578.564
0.3 6.95 570.184
0.3 7.3 571.321
0.3 7.65 571.321
0.3 8 571.321
0.65 0.3 1547.53
0.65 0.65 1073.92
0.65 1 801.26
0.65 1.35 752.075
0.65 1.7 674.808
0.65 2.05 642.94
0.2 0.2 1920.52
0.2 0.4 1798.74
0.2 0.6 1677.78
0.2 0.8 1487.74
0.2 1 1368.1
0.2 1.2 1245.08
0.2 1.4 1085.18
0.2 1.6 1039.48
0.2 1.8 934.161
0.2 2 879.081
0.2 2.2 829.843
0.2 2.4 763.402
0.2 2.6 750.608
0.2 2.8 727.343
0.2 3 683.851
0.2 3.2 677.563
0.2 3.4 641.464
0.2 3.6 649.8
0.2 3.8 635.457
0.2 4 615.243
0.2 4.2 615.243
0.2 4.4 607.34
0.2 4.6 610.844
0.2 4.8 612.289
0.2 5 608.462
0.2 5.2 608.402
0.2 5.4 598.81
0.2 5.6 589.676
0.2 5.8 584.646
0.2 6 584.646
0.2 6.2 584.646
0.2 6.4 584.646
0.2 6.6 584.646
0.2 6.8 576.29
0.2 7 581.599
0.2 7.2 571.321
0.2 7.4 571.321
0.2 7.6 571.321
0.2 7.8 571.321
0.4 0.2 1919.96
0.4 0.4 1736.89
0.4 0.6 1513.71
0.4 0.8 1310.02
0.4 1 1189.39
0.4 1.2 1041.74
0.4 1.4 935.381
0.4 1.6 852.622
0.4 1.8 711.679
0.4 2 763.77
0.4 2.2 719.821
0.4 2.4 699.99
0.4 2.6 691.344
0.4 2.8 663.334
0.4 3 634.008
0.4 3.2 627.125
0.4 3.4 631.734
0.4 3.6 624.848
0.4 3.8 596.879
0.4 4 605.282
0.4 4.2 593.983
0.4 4.4 602.898
0.4 4.6 593.258
0.4 4.8 588.877
0.4 5 588.225
0.4 5.2 579.749
0.4 5.4 576.024
0.4 5.6 582.573
0.4 5.8 582.573
0.4 6 581.316
0.4 6.2 574.839
0.4 6.4 572.203
0.4 6.6 572.203
0.4 6.8 572.203
0.4 7 572.203
0.4 7.2 571.321
0.4 7.4 571.321
0.4 7.6 571.321
0.4 7.8 571.321
0.6 0.2 1773.99
0.6 0.4 1487.95
0.6 0.6 1214.96
0.6 0.8 1074.55
0.6 1 932.763
0.6 1.2 832.855
0.6 1.4 785.706
0.6 1.6 726.515
0.6 1.8 681.097
0.6 2 660.844
0.6 2.2 651.685
0.6 2.4 638.817
0.6 2.6 628.04
0.6 2.8 621.333
0.6 3 599.23
0.6 3.2 601.693
0.6 3.4 602.492
0.6 3.6 582.106
0.6 3.8 593.603
0.6 4 578.024
0.6 4.2 584.41
0.6 4.4 582.453
0.6 4.6 580.67
0.6 4.8 580.263
0.6 5 578.919
0.6 5.2 578.243
0.6 5.4 572.203
0.6 5.6 576.793
0.6 5.8 572.66
0.6 6 572.203
0.6 6.2 571.868
0.6 6.4 562.56
0.6 6.6 562.56
0.6 6.8 562.56
0.6 7 562.56
0.6 7.2 572.66
0.6 7.4 562.56
0.6 7.6 562.56
0.6 7.8 562.56
0.8 0.2 1458.42
0.8 0.4 1071.3
0.8 0.6 919.982
0.8 0.8 806.801
0.8 1 744.022
0.8 1.2 699.502
0.8 1.4 657.211
0.8 1.6 654.191
0.8 1.8 630.193
0.8 2 612.02
0.8 2.2 599.296
0.8 2.4 582.934
0.8 2.6 585.869
0.8 2.8 573.604
0.8 3 582.106
0.8 3.2 573.604
0.8 3.4 570.067
0.8 3.6 572.26
0.8 3.8 576.365
0.8 4 573.808
0.8 4.2 567.962
0.8 4.4 567.181
0.8 4.6 573.399
0.8 4.8 567.181
0.8 5 565.593
0.8 5.2 567.181
0.8 5.4 567.52
0.8 5.6 562.56
0.8 5.8 565.661
0.8 6 562.56
0.8 6.2 562.56
0.8 6.4 562.56
0.8 6.6 562.56
0.8 6.8 562.56
0.8 7 562.56
0.8 7.2 568.629
0.8 7.4 570.578
0.8 7.6 571.983
0.8 7.8 572.354
1 0.2 1024.22
1 0.4 798.826
1 0.6 700.285
1 0.8 654.918
1 1 639.761
1 1.2 612.884
1 1.4 601.735
1 1.6 588.919
1 1.8 576.312
1 2 570.067
1 2.2 563.764
1 2.4 563.396
1 2.6 568.947
1 2.8 563.396
1 3 565.807
1 3.2 563.198
1 3.4 567.994
1 3.6 563.396
1 3.8 569.452
1 4 560.784
1 4.2 563.538
1 4.4 563.538
1 4.6 560.724
1 4.8 563.538
1 5 561.588
1 5.2 562.978
1 5.4 560.724
1 5.6 560.07
1 5.8 561.206
1 6 561.206
1 6.2 561.206
1 6.4 565.442
1 6.6 565.442
1 6.8 566.21
1 7 566.302
1 7.2 566.01
1 7.4 565.442
1 7.6 566.01
1 7.8 565.442
1.2 0.2 682.851
1.2 0.4 625.804
1.2 0.6 582.751
1.2 0.8 573.198
1.2 1 572.413
1.2 1.2 565.636
1.2 1.4 564.041
1.2 1.6 563.185
1.2 1.8 564.021
1.2 2 564.021
1.2 2.2 566.497
1.2 2.4 567.049
1.2 2.6 566.463
1.2 2.8 566.362
1.2 3 567.294
1.2 3.2 569.934
1.2 3.4 567.958
1.2 3.6 566.21
1.2 3.8 563.162
1.2 4 567.655
1.2 4.2 570.426
1.2 4.4 564.579
1.2 4.6 564.579
1.2 4.8 569.372
1.2 5 564.579
1.2 5.2 566.302
1.2 5.4 566.302
1.2 5.6 566.302
1.2 5.8 566.302
1.2 6 566.302
1.2 6.2 566.302
1.2 6.4 566.302
1.2 6.6 566.376
1.2 6.8 566.01
1.2 7 561.206
1.2 7.2 560.724
1.2 7.4 566.01
1.2 7.6 566.01
1.2 7.8 561.206
1.4 0.2 658.658
1.4 0.4 596.819
1.4 0.6 572.788
1.4 0.8 575.567
1.4 1 571.342
1.4 1.2 562.679
1.4 1.4 563.508
1.4 1.6 556.479
1.4 1.8 569.457
1.4 2 567.071
1.4 2.2 563.198
1.4 2.4 569.879
1.4 2.6 570.944
1.4 2.8 566.21
1.4 3 566.21
1.4 3.2 567.362
1.4 3.4 567.638
1.4 3.6 569.284
1.4 3.8 566.18
1.4 4 570.944
1.4 4.2 570.263
1.4 4.4 570.944
1.4 4.6 571.263
1.4 4.8 572.439
1.4 5 566.01
1.4 5.2 566.888
1.4 5.4 566.01
1.4 5.6 566.888
1.4 5.8 566.888
1.4 6 566.117
1.4 6.2 566.117
1.4 6.4 563.538
1.4 6.6 566.117
1.4 6.8 571.315
1.4 7 566.117
1.4 7.2 568.267
1.4 7.4 566.117
1.4 7.6 566.117
1.4 7.8 561.774
1.6 0.2 782.971
1.6 0.4 629.167
1.6 0.6 594.566
1.6 0.8 579.708
0.65 2.4 626.479
0.65 2.75 597.49
0.65 3.1 601.735
0.65 3.45 579.528
0.65 3.8 582.178
0.65 4.15 586.012
0.65 4.5 579.893
0.65 4.85 579.872
0.65 5.2 570.308
0.65 5.55 570.308
0.65 5.9 562.56
0.65 6.25 563.764
0.65 6.6 562.56
0.65 6.95 562.56
0.65 7.3 562.56
0.65 7.65 562.56
0.65 8 562.56
1 0.3 879.447
1 0.65 687.905
1 1 639.761
1 1.35 595.178
1 1.7 573.491
1 2.05 572.055
1 2.4 563.396
1 2.75 559.705
1 3.1 561.086
1 3.45 563.396
1 3.8 569.452
1 4.15 565.223
1 4.5 563.538
1 4.85 560.724
1 5.2 562.978
1 5.55 564.536
1 5.9 566.151
1 6.25 564.536
1 6.6 565.442
1 6.95 566.01
1 7.3 565.442
1 7.65 565.442
1 8 566.01
1.35 0.3 606.769
1.35 0.65 577.852
1.35 1 569.309
1.35 1.35 572.056
1.35 1.7 568.888
1.35 2.05 564.908
1.35 2.4 566.932
1.35 2.75 564.977
1.35 3.1 564.799
1.35 3.45 570.944
1.35 3.8 568.538
1.35 4.15 569.295
1.35 4.5 566.888
1.35 4.85 572.954
1.35 5.2 570.055
1.35 5.55 566.166
1.35 5.9 569.227
1.35 6.25 566.01
1.35 6.6 566.117
1.35 6.95 570.055
1.35 7.3 566.117
1.35 7.65 561.206
1.35 8 561.206
1.7 0.3 638.59
1.7 0.65 600.252
1.7 1 584.284
1.7 1.35 578.863
1.7 1.7 567.81
1.7 2.05 576.918
1.7 2.4 572.512
1.7 2.75 572.824
1.7 3.1 570.675
1.7 3.45 566.694
1.7 3.8 565.167
1.7 4.15 565.735
1.7 4.5 565.135
1.7 4.85 566.694
1.7 5.2 565.135
1.7 5.55 567.605
1.7 5.9 565.233
1.7 6.25 566.117
1.7 6.6 565.233
1.7 6.95 567.605
1.7 7.3 566.117
1.7 7.65 561.206
1.7 8 571.277
2.05 0.3 707.527
2.05 0.65 603.546
2.05 1 564.349
2.05 1.35 573.191
2.05 1.7 568.271
2.05 2.05 575.463
2.05 2.4 560.593
2.05 2.75 577.73
2.05 3.1 576.389
2.05 3.45 577.808
2.05 3.8 577.179
2.05 4.15 566.18
2.05 4.5 566.362
2.05 4.85 565.735
2.05 5.2 566.362
2.05 5.55 575.847
2.05 5.9 576.919
2.05 6.25 575.847
2.05 6.6 575.847
2.05 6.95 576.343
2.05 7.3 569.225
2.05 7.65 561.206
2.05 8 565.233
2.4 0.3 662.432
2.4 0.65 600.57
2.4 1 611.694
2.4 1.35 558.85
2.4 1.7 579.673
2.4 2.05 578.356
2.4 2.4 576.805
2.4 2.75 570.002
2.4 3.1 576.52
2.4 3.45 584.496
2.4 3.8 574.14
2.4 4.15 582.093
2.4 4.5 566.362
2.4 4.85 566.464
2.4 5.2 574.427
2.4 5.55 565.735
2.4 5.9 566.473
2.4 6.25 576.343
2.4 6.6 574.293
2.4 6.95 579.39
2.4 7.3 565.233
2.4 7.65 576.584
2.4 8 576.919
2.75 0.3 762.365
2.75 0.65 573.374
2.75 1 566.59
2.75 1.35 562.861
2.75 1.7 576.03
2.75 2.05 569.161
2.75 2.4 575.296
2.75 2.75 587.219
2.75 3.1 577.039
2.75 3.45 573.982
2.75 3.8 575.847
2.75 4.15 577.667
2.75 4.5 581.062
2.75 4.85 580.414
2.75 5.2 565.735
2.75 5.55 580.317
2.75 5.9 573.132
2.75 6.25 574.293
2.75 6.6 576.343
2.75 6.95 572.503
2.75 7.3 573.132
2.75 7.65 565.135
2.75 8 573.441
3.1 0.3 766.267
3.1 0.65 609.959
3.1 1 604.388
3.1 1.35 591.797
3.1 1.7 567.827
3.1 2.05 587.032
3.1 2.4 571.663
3.1 2.75 567.939
3.1 3.1 578.366
3.1 3.45 578.862
3.1 3.8 577.626
3.1 4.15 578.415
3.1 4.5 577.784
3.1 4.85 566.473
3.1 5.2 579.671
3.1 5.55 569.514
3.1 5.9 581.015
3.1 6.25 565.135
3.1 6.6 576.343
3.1 6.95 573.36
3.1 7.3 573.441
3.1 7.65 573.36
3.1 8 573.441
3.45 0.3 773.958
3.45 0.65 596.553
3.45 1 589.466
3.45 1.35 580.508
3.45 1.7 576.292
3.45 2.05 573.007
3.45 2.4 569.717
3.45 2.75 575.438
3.45 3.1 563.053
3.45 3.45 574.191
3.45 3.8 582.432
3.45 4.15 582.041
3.45 4.5 566.888
3.45 4.85 579.122
3.45 5.2 565.135
3.45 5.55 573.81
3.45 5.9 570.061
3.45 6.25 577.276
3.45 6.6 573.451
3.45 6.95 577.398
3.45 7.3 577.398
3.45 7.65 573.441
3.45 8 573.36
3.8 0.3 805.575
3.8 0.65 627.068
3.8 1 592.201
3.8 1.35 596.11
3.8 1.7 586.874
3.8 2.05 581.637
3.8 2.4 583.723
3.8 2.75 564.876
3.8 3.1 582.004
3.8 3.45 572.284
3.8 3.8 576.222
3.8 4.15 579.816
3.8 4.5 579.122
3.8 4.85 574.962
3.8 5.2 582.198
3.8 5.55 565.735
3.8 5.9 578.708
3.8 6.25 575.41
3.8 6.6 573.132
3.8 6.95 575.432
3.8 7.3 575.432
3.8 7.65 572.503
3.8 8 572.623
4.15 0.3 789.571
4.15 0.65 612.679
4.15 1 610.13
4.15 1.35 597.944
4.15 1.7 574.777
4.15 2.05 564.275
4.15 2.4 569.087
4.15 2.75 581.447
4.15 3.1 588.291
4.15 3.45 574.949
4.15 3.8 572.209
4.15 4.15 579.122
4.15 4.5 582.533
4.15 4.85 566.888
4.15 5.2 565.678
4.15 5.55 572.974
4.15 5.9 578.802
4.15 6.25 578.708
4.15 6.6 573.329
4.15 6.95 579.694
4.15 7.3 579.54
4.15 7.65 575.432
4.15 8 575.432
4.5 0.3 883.82
4.5 0.65 652.702
4.5 1 576.423
4.5 1.35 587.593
4.5 1.7 596.035
4.5 2.05 570.573
4.5 2.4 575.457
4.5 2.75 575.296
4.5 3.1 577.934
4.5 3.45 575.296
4.5 3.8 578.159
4.5 4.15 582.041
4.5 4.5 582.041
4.5 4.85 576.46
4.5 5.2 565.735
4.5 5.55 576.584
4.5 5.9 581.61
4.5 6.25 579.694
4.5 6.6 578.708
4.5 6.95 581.521
4.5 7.3 578.731
4.5 7.65 571.765
4.5 8 578.921
4.85 0.3 786.402
4.85 0.65 600.549
4.85 1 588.431
4.85 1.35 585.923
4.85 1.7 565.018
4.85 2.05 566.85
4.85 2.4 588.681
4.85 2.75 574.055
4.85 3.1 571.692
4.85 3.45 575.296
4.85 3.8 566.83
4.85 4.15 570.491
4.85 4.5 579.664
4.85 4.85 577.276
4.85 5.2 575.544
4.85 5.55 571.609
4.85 5.9 576.52
4.85 6.25 571.765
4.85 6.6 579.54
4.85 6.95 578.708
4.85 7.3 579.694
4.85 7.65 579.003
4.85 8 580.582
